Bruker Nano GmbH Berlin, Germany
esprit 1.9

Date: 05/10/2017 10:37:39 AM
Real time: 320820
Life time: 300337
Pulse density: 29283


Detector type: XFlash 430
Window type: Custom type
Detector thickness: 0.45
Si dead layer:0.029

Calibration, lin.: 10.001
Calibration, abs.: -956.396
Mn FWHM: 144.268
Fano factor: 0.116
Channels: 4096

Energy Counts
-0.9564    0
-0.9464    0
-0.9364    0
-0.9264    0
-0.9164    0
-0.9064    0
-0.8964    0
-0.8864    0
-0.8764    0
-0.8664    0
-0.8564    0
-0.8464    0
-0.8364    0
-0.8264    0
-0.8164    0
-0.8064    0
-0.7964    0
-0.7864    0
-0.7764    0
-0.7664    0
-0.7564    0
-0.7464    0
-0.7364    0
-0.7264    0
-0.7164    0
-0.7064    0
-0.6964    0
-0.6864    0
-0.6764    0
-0.6664    0
-0.6564    0
-0.6464    0
-0.6364    0
-0.6264    0
-0.6164    0
-0.6064    0
-0.5964    0
-0.5864    0
-0.5764    0
-0.5664    0
-0.5564    0
-0.5464    0
-0.5364    0
-0.5264    0
-0.5164    0
-0.5064    0
-0.4963    0
-0.4863    0
-0.4763    0
-0.4663    0
-0.4563    0
-0.4463    0
-0.4363    0
-0.4263    0
-0.4163    0
-0.4063    0
-0.3963    0
-0.3863    0
-0.3763    0
-0.3663    0
-0.3563    0
-0.3463    0
-0.3363    0
-0.3263    0
-0.3163    0
-0.3063    1
-0.2963    1
-0.2863    1
-0.2763    4
-0.2663    12
-0.2563    13
-0.2463    14
-0.2363    28
-0.2263    29
-0.2163    31
-0.2063    31
-0.1963    42
-0.1863    38
-0.1763    44
-0.1663    43
-0.1563    49
-0.1463    44
-0.1363    85
-0.1263    231
-0.1163    620
-0.1063    1691
-0.0963    4230
-0.0863    10835
-0.0763    23405
-0.0663    46603
-0.0563    83657
-0.0463    137169
-0.0363    202942
-0.0263    273978
-0.0163    331517
-0.0063    369196
0.0037    367327
0.0137    335227
0.0237    277067
0.0337    206814
0.0437    140467
0.0537    87159
0.0637    47995
0.0737    24427
0.0837    11178
0.0937    4809
0.1037    1835
0.1137    632
0.1237    222
0.1337    95
0.1437    50
0.1537    32
0.1637    19
0.1737    22
0.1837    9
0.1937    11
0.2037    20
0.2137    11
0.2237    10
0.2337    8
0.2437    12
0.2537    3
0.2637    6
0.2737    5
0.2837    5
0.2937    4
0.3037    3
0.3137    2
0.3237    1
0.3337    1
0.3437    0
0.3537    97
0.3637    537
0.3737    485
0.3837    497
0.3937    488
0.4037    479
0.4137    494
0.4237    464
0.4337    473
0.4437    496
0.4537    443
0.4637    467
0.4737    435
0.4837    461
0.4937    442
0.5038    426
0.5138    434
0.5238    444
0.5338    427
0.5438    457
0.5538    415
0.5638    436
0.5738    408
0.5838    411
0.5938    404
0.6038    395
0.6138    392
0.6238    388
0.6338    376
0.6438    404
0.6538    356
0.6638    404
0.6738    424
0.6838    402
0.6938    389
0.7038    403
0.7138    351
0.7238    370
0.7338    369
0.7438    344
0.7538    346
0.7638    337
0.7738    357
0.7838    371
0.7938    356
0.8038    358
0.8138    353
0.8238    365
0.8338    350
0.8438    363
0.8538    338
0.8638    307
0.8738    336
0.8838    358
0.8938    354
0.9038    383
0.9138    336
0.9238    394
0.9338    391
0.9438    381
0.9538    400
0.9638    413
0.9738    330
0.9838    346
0.9938    390
1.0038    355
1.0138    377
1.0238    360
1.0338    320
1.0438    370
1.0538    359
1.0638    326
1.0738    375
1.0838    377
1.0938    362
1.1038    364
1.1138    342
1.1238    326
1.1338    325
1.1438    297
1.1538    316
1.1638    302
1.1738    313
1.1838    269
1.1938    307
1.2038    286
1.2138    319
1.2238    268
1.2338    308
1.2438    282
1.2538    264
1.2638    264
1.2738    249
1.2838    258
1.2938    253
1.3038    234
1.3138    216
1.3238    256
1.3338    205
1.3438    228
1.3538    214
1.3638    224
1.3738    200
1.3838    227
1.3938    205
1.4038    210
1.4138    201
1.4238    201
1.4338    188
1.4438    185
1.4538    217
1.4638    191
1.4738    194
1.4838    186
1.4938    183
1.5039    171
1.5139    184
1.5239    197
1.5339    155
1.5439    177
1.5539    119
1.5639    150
1.5739    140
1.5839    136
1.5939    138
1.6039    122
1.6139    125
1.6239    129
1.6339    144
1.6439    126
1.6539    107
1.6639    125
1.6739    139
1.6839    123
1.6939    122
1.7039    118
1.7139    115
1.7239    124
1.7339    129
1.7439    136
1.7539    134
1.7639    132
1.7739    96
1.7839    121
1.7939    113
1.8039    108
1.8139    105
1.8239    122
1.8339    115
1.8439    115
1.8539    96
1.8639    117
1.8739    105
1.8839    108
1.8939    119
1.9039    114
1.9139    115
1.9239    118
1.9339    106
1.9439    96
1.9539    129
1.9639    109
1.9739    109
1.9839    114
1.9939    101
2.0039    106
2.0139    114
2.0239    113
2.0339    114
2.0439    92
2.0539    100
2.0639    104
2.0739    101
2.0839    86
2.0939    116
2.1039    115
2.1139    114
2.1239    84
2.1339    92
2.1439    87
2.1539    98
2.1639    90
2.1739    126
2.1839    95
2.1939    79
2.2039    110
2.2139    89
2.2239    114
2.2339    108
2.2439    106
2.2539    100
2.2639    108
2.2739    120
2.2839    141
2.2939    117
2.3039    157
2.3139    147
2.3239    142
2.3339    175
2.3439    156
2.3539    178
2.3639    173
2.3739    187
2.3839    166
2.3939    200
2.4039    187
2.4139    187
2.4239    203
2.4339    157
2.4439    197
2.4539    170
2.4639    166
2.4739    171
2.4839    182
2.4939    177
2.5040    169
2.5140    209
2.5240    203
2.5340    232
2.5440    225
2.5540    262
2.5640    316
2.5740    356
2.5840    437
2.5940    592
2.6040    777
2.6140    966
2.6240    1320
2.6340    1703
2.6440    2150
2.6540    2569
2.6640    3068
2.6740    3526
2.6840    4057
2.6940    4146
2.7040    4290
2.7140    4282
2.7240    4103
2.7340    3807
2.7440    3556
2.7540    3138
2.7640    2902
2.7740    2547
2.7840    2474
2.7940    2561
2.8040    2511
2.8140    2624
2.8240    2633
2.8340    2784
2.8440    2779
2.8540    2781
2.8640    2700
2.8740    2594
2.8840    2226
2.8940    2121
2.9040    1964
2.9140    1662
2.9240    1508
2.9340    1298
2.9440    1202
2.9540    1086
2.9640    967
2.9740    870
2.9840    787
2.9940    764
3.0040    681
3.0140    625
3.0240    590
3.0340    514
3.0440    476
3.0540    380
3.0640    348
3.0740    308
3.0840    285
3.0940    245
3.1040    230
3.1140    240
3.1240    242
3.1340    239
3.1440    242
3.1540    242
3.1640    228
3.1740    249
3.1840    198
3.1940    167
3.2040    175
3.2140    177
3.2240    163
3.2340    152
3.2440    172
3.2540    166
3.2640    135
3.2740    144
3.2840    148
3.2940    166
3.3040    160
3.3140    173
3.3240    193
3.3340    185
3.3440    200
3.3540    202
3.3640    211
3.3740    226
3.3840    181
3.3940    183
3.4040    206
3.4140    191
3.4240    188
3.4340    165
3.4440    175
3.4540    163
3.4640    151
3.4740    133
3.4840    139
3.4940    150
3.5041    159
3.5141    140
3.5241    132
3.5341    146
3.5441    164
3.5541    144
3.5641    123
3.5741    167
3.5841    160
3.5941    162
3.6041    162
3.6141    157
3.6241    196
3.6341    191
3.6441    180
3.6541    235
3.6641    190
3.6741    198
3.6841    246
3.6941    250
3.7041    238
3.7141    231
3.7241    239
3.7341    251
3.7441    200
3.7541    192
3.7641    213
3.7741    215
3.7841    192
3.7941    196
3.8041    180
3.8141    167
3.8241    163
3.8341    204
3.8441    191
3.8541    193
3.8641    172
3.8741    207
3.8841    189
3.8941    223
3.9041    198
3.9141    198
3.9241    218
3.9341    223
3.9441    234
3.9541    224
3.9641    214
3.9741    246
3.9841    224
3.9941    244
4.0041    215
4.0141    228
4.0241    236
4.0341    246
4.0441    230
4.0541    231
4.0641    282
4.0741    237
4.0841    235
4.0941    258
4.1041    252
4.1141    244
4.1241    237
4.1341    262
4.1441    233
4.1541    244
4.1641    278
4.1741    280
4.1841    282
4.1941    269
4.2041    297
4.2141    278
4.2241    267
4.2341    270
4.2441    272
4.2541    297
4.2641    284
4.2741    291
4.2841    297
4.2941    301
4.3041    300
4.3141    268
4.3241    332
4.3341    348
4.3441    286
4.3541    331
4.3641    334
4.3741    341
4.3841    346
4.3941    336
4.4041    325
4.4141    364
4.4241    318
4.4341    352
4.4441    338
4.4541    355
4.4641    373
4.4741    352
4.4841    365
4.4941    417
4.5042    384
4.5142    406
4.5242    382
4.5342    399
4.5442    406
4.5542    402
4.5642    393
4.5742    418
4.5842    420
4.5942    429
4.6042    425
4.6142    455
4.6242    445
4.6342    471
4.6442    450
4.6542    424
4.6642    444
4.6742    462
4.6842    472
4.6942    488
4.7042    508
4.7142    510
4.7242    475
4.7342    514
4.7442    498
4.7542    528
4.7642    511
4.7742    521
4.7842    517
4.7942    516
4.8042    506
4.8142    515
4.8242    577
4.8342    529
4.8442    579
4.8542    540
4.8642    603
4.8742    556
4.8842    532
4.8942    582
4.9042    596
4.9142    619
4.9242    602
4.9342    614
4.9442    654
4.9542    614
4.9642    588
4.9742    630
4.9842    625
4.9942    638
5.0042    662
5.0142    710
5.0242    682
5.0342    678
5.0442    698
5.0542    727
5.0642    697
5.0742    726
5.0842    718
5.0942    740
5.1042    741
5.1142    749
5.1242    749
5.1342    799
5.1442    786
5.1542    808
5.1642    850
5.1742    804
5.1842    810
5.1942    739
5.2042    764
5.2142    815
5.2242    771
5.2342    841
5.2442    846
5.2542    859
5.2642    794
5.2742    905
5.2842    896
5.2942    856
5.3042    905
5.3142    879
5.3242    877
5.3342    899
5.3442    937
5.3542    916
5.3642    882
5.3742    964
5.3842    932
5.3942    945
5.4042    946
5.4142    916
5.4242    949
5.4342    980
5.4442    985
5.4542    1037
5.4642    975
5.4742    1005
5.4842    1046
5.4942    1109
5.5043    1072
5.5143    1129
5.5243    1103
5.5343    1073
5.5443    1003
5.5543    1134
5.5643    1136
5.5743    1071
5.5843    1105
5.5943    1123
5.6043    1148
5.6143    1172
5.6243    1178
5.6343    1233
5.6443    1215
5.6543    1236
5.6643    1275
5.6743    1269
5.6843    1187
5.6943    1351
5.7043    1259
5.7143    1375
5.7243    1302
5.7343    1350
5.7443    1317
5.7543    1302
5.7643    1360
5.7743    1331
5.7843    1395
5.7943    1403
5.8043    1388
5.8143    1481
5.8243    1478
5.8343    1401
5.8443    1457
5.8543    1521
5.8643    1429
5.8743    1459
5.8843    1554
5.8943    1505
5.9043    1579
5.9143    1571
5.9243    1518
5.9343    1605
5.9443    1592
5.9543    1644
5.9643    1647
5.9743    1613
5.9843    1645
5.9943    1667
6.0043    1641
6.0143    1717
6.0243    1713
6.0343    1759
6.0443    1766
6.0543    1712
6.0643    1683
6.0743    1867
6.0843    1704
6.0943    1777
6.1043    1851
6.1143    1811
6.1243    1902
6.1343    1924
6.1443    1943
6.1543    1875
6.1643    1903
6.1743    1968
6.1843    2057
6.1943    1956
6.2043    1989
6.2143    2000
6.2243    1989
6.2343    1982
6.2443    2001
6.2543    2019
6.2643    2047
6.2743    2149
6.2843    2066
6.2943    2156
6.3043    2101
6.3143    2131
6.3243    2194
6.3343    2176
6.3443    2312
6.3543    2145
6.3643    2201
6.3743    2221
6.3843    2185
6.3943    2204
6.4043    2183
6.4143    2300
6.4243    2320
6.4343    2333
6.4443    2321
6.4543    2347
6.4643    2356
6.4743    2329
6.4843    2388
6.4943    2432
6.5044    2388
6.5144    2435
6.5244    2448
6.5344    2361
6.5444    2522
6.5544    2355
6.5644    2460
6.5744    2418
6.5844    2475
6.5944    2522
6.6044    2538
6.6144    2602
6.6244    2539
6.6344    2483
6.6444    2564
6.6544    2511
6.6644    2450
6.6744    2588
6.6844    2608
6.6944    2639
6.7044    2653
6.7144    2561
6.7244    2607
6.7344    2604
6.7444    2615
6.7544    2725
6.7644    2605
6.7744    2627
6.7844    2643
6.7944    2677
6.8044    2682
6.8144    2742
6.8244    2760
6.8344    2755
6.8444    2750
6.8544    2712
6.8644    2741
6.8744    2823
6.8844    2795
6.8944    2739
6.9044    2873
6.9144    2770
6.9244    2931
6.9344    2843
6.9444    2919
6.9544    2962
6.9644    2872
6.9744    2909
6.9844    2915
6.9944    2855
7.0044    2941
7.0144    2963
7.0244    2941
7.0344    2807
7.0444    2957
7.0544    3011
7.0644    3018
7.0744    3006
7.0844    3048
7.0944    3052
7.1044    3160
7.1144    3124
7.1244    3122
7.1344    3145
7.1444    3161
7.1544    3204
7.1644    3259
7.1744    3143
7.1844    3165
7.1944    3157
7.2044    3292
7.2144    3159
7.2244    3264
7.2344    3283
7.2444    3328
7.2544    3302
7.2644    3235
7.2744    3372
7.2844    3399
7.2944    3355
7.3044    3364
7.3144    3285
7.3244    3339
7.3344    3499
7.3444    3487
7.3544    3420
7.3644    3566
7.3744    3661
7.3844    3580
7.3944    3796
7.4044    3789
7.4144    3859
7.4244    3789
7.4344    3824
7.4444    3949
7.4544    3992
7.4644    4095
7.4744    4054
7.4844    4016
7.4944    4088
7.5045    4138
7.5145    4143
7.5245    4130
7.5345    4117
7.5445    4108
7.5545    4108
7.5645    3897
7.5745    4045
7.5845    3935
7.5945    4024
7.6045    3998
7.6145    4019
7.6245    3834
7.6345    4016
7.6445    3981
7.6545    4011
7.6645    4106
7.6745    4034
7.6845    4054
7.6945    4114
7.7045    4164
7.7145    4102
7.7245    4102
7.7345    4247
7.7445    4240
7.7545    4167
7.7645    4159
7.7745    4186
7.7845    4297
7.7945    4316
7.8045    4299
7.8145    4320
7.8245    4303
7.8345    4347
7.8445    4288
7.8545    4445
7.8645    4357
7.8745    4524
7.8845    4463
7.8945    4493
7.9045    4515
7.9145    4389
7.9245    4509
7.9345    4630
7.9445    4449
7.9545    4367
7.9645    4567
7.9745    4604
7.9845    4788
7.9945    4626
8.0045    4782
8.0145    4659
8.0245    4725
8.0345    4766
8.0445    4947
8.0545    4792
8.0645    4833
8.0745    4753
8.0845    5032
8.0945    4662
8.1045    4825
8.1145    4823
8.1245    5056
8.1345    4941
8.1445    4969
8.1545    5080
8.1645    4998
8.1745    5113
8.1845    5252
8.1945    5355
8.2045    5066
8.2145    5043
8.2245    5292
8.2345    5244
8.2445    5092
8.2545    5338
8.2645    5321
8.2745    5356
8.2845    5399
8.2945    5418
8.3045    5406
8.3145    5386
8.3245    5237
8.3345    5481
8.3445    5414
8.3545    5544
8.3645    5533
8.3745    5447
8.3845    5460
8.3945    5528
8.4045    5522
8.4145    5477
8.4245    5645
8.4345    5555
8.4445    5832
8.4545    5624
8.4645    5705
8.4745    5689
8.4845    5671
8.4945    5810
8.5046    5593
8.5146    5688
8.5246    5987
8.5346    5814
8.5446    5883
8.5546    5895
8.5646    5818
8.5746    6075
8.5846    6022
8.5946    5957
8.6046    5844
8.6146    5945
8.6246    6013
8.6346    6174
8.6446    6169
8.6546    6055
8.6646    5952
8.6746    6165
8.6846    6184
8.6946    6184
8.7046    6134
8.7146    6272
8.7246    6364
8.7346    6384
8.7446    6415
8.7546    6312
8.7646    6374
8.7746    6424
8.7846    6358
8.7946    6544
8.8046    6572
8.8146    6413
8.8246    6616
8.8346    6530
8.8446    6609
8.8546    6578
8.8646    6638
8.8746    6544
8.8846    6465
8.8946    6576
8.9046    6620
8.9146    6757
8.9246    6688
8.9346    6927
8.9446    6757
8.9546    6748
8.9646    6912
8.9746    6802
8.9846    6910
8.9946    6729
9.0046    6929
9.0146    6945
9.0246    7061
9.0346    6850
9.0446    7163
9.0546    7059
9.0646    7099
9.0746    7269
9.0846    7192
9.0946    7118
9.1046    7133
9.1146    7004
9.1246    7112
9.1346    7164
9.1446    7233
9.1546    7207
9.1646    7236
9.1746    7324
9.1846    7231
9.1946    7332
9.2046    7417
9.2146    7430
9.2246    7413
9.2346    7438
9.2446    7391
9.2546    7443
9.2646    7592
9.2746    7487
9.2846    7506
9.2946    7367
9.3046    7424
9.3146    7431
9.3246    7588
9.3346    7539
9.3446    7644
9.3546    7695
9.3646    7577
9.3746    7423
9.3846    7674
9.3946    7686
9.4046    7626
9.4146    7726
9.4246    7775
9.4346    7561
9.4446    7771
9.4546    7574
9.4646    7795
9.4746    7872
9.4846    7787
9.4946    7733
9.5047    7802
9.5147    7842
9.5247    7843
9.5347    7860
9.5447    7953
9.5547    7857
9.5647    7926
9.5747    7897
9.5847    7912
9.5947    7851
9.6047    7931
9.6147    7917
9.6247    7878
9.6347    8036
9.6447    8048
9.6547    8073
9.6647    7913
9.6747    7887
9.6847    8073
9.6947    8197
9.7047    8184
9.7147    8192
9.7247    8281
9.7347    8053
9.7447    8048
9.7547    8115
9.7647    8181
9.7747    8313
9.7847    8264
9.7947    8278
9.8047    8145
9.8147    8267
9.8247    8340
9.8347    8099
9.8447    8291
9.8547    8395
9.8647    8477
9.8747    8430
9.8847    8430
9.8947    8545
9.9047    8323
9.9147    8235
9.9247    8380
9.9347    8447
9.9447    8360
9.9547    8316
9.9647    8445
9.9747    8404
9.9847    8403
9.9947    8556
10.0047    8379
10.0147    8514
10.0247    8556
10.0347    8564
10.0447    8509
10.0547    8625
10.0647    8528
10.0747    8625
10.0847    8698
10.0947    8454
10.1047    8515
10.1147    8504
10.1247    8591
10.1347    8760
10.1447    8698
10.1547    8687
10.1647    8683
10.1747    8692
10.1847    8776
10.1947    8776
10.2047    8752
10.2147    8786
10.2247    8735
10.2347    8651
10.2447    8948
10.2547    8766
10.2647    8815
10.2747    8719
10.2847    8910
10.2947    8746
10.3047    8929
10.3147    8948
10.3247    8990
10.3347    8829
10.3447    8765
10.3547    8885
10.3647    9009
10.3747    8858
10.3847    9032
10.3947    8960
10.4047    8903
10.4147    9230
10.4247    9011
10.4347    9139
10.4447    9013
10.4547    9068
10.4647    9031
10.4747    9069
10.4847    8921
10.4947    8875
10.5048    9108
10.5148    9313
10.5248    9183
10.5348    8968
10.5448    8930
10.5548    9128
10.5648    9186
10.5748    8916
10.5848    9131
10.5948    9135
10.6048    9215
10.6148    9120
10.6248    9087
10.6348    9149
10.6448    9058
10.6548    9260
10.6648    9251
10.6748    9170
10.6848    9101
10.6948    9265
10.7048    9197
10.7148    9094
10.7248    9199
10.7348    9289
10.7448    9129
10.7548    9357
10.7648    9086
10.7748    8981
10.7848    9239
10.7948    9303
10.8048    9113
10.8148    9348
10.8248    9317
10.8348    9413
10.8448    9292
10.8548    9246
10.8648    9295
10.8748    9242
10.8848    9246
10.8948    9281
10.9048    9310
10.9148    9315
10.9248    9317
10.9348    9385
10.9448    9296
10.9548    9245
10.9648    9452
10.9748    9275
10.9848    9418
10.9948    9303
11.0048    9390
11.0148    9318
11.0248    9419
11.0348    9268
11.0448    9384
11.0548    9338
11.0648    9477
11.0748    9213
11.0848    9186
11.0948    9381
11.1048    9269
11.1148    9215
11.1248    9305
11.1348    9253
11.1448    9647
11.1548    9532
11.1648    9464
11.1748    9430
11.1848    9417
11.1948    9292
11.2048    9416
11.2148    9217
11.2248    9375
11.2348    9571
11.2448    9252
11.2548    9249
11.2648    9264
11.2748    9203
11.2848    9405
11.2948    9497
11.3048    9325
11.3148    9397
11.3248    9324
11.3348    9492
11.3448    9386
11.3548    9346
11.3648    9405
11.3748    9383
11.3848    9460
11.3948    9234
11.4048    9265
11.4148    9353
11.4248    9241
11.4348    9440
11.4448    9381
11.4548    9320
11.4648    9414
11.4748    9397
11.4848    9262
11.4948    9271
11.5049    9385
11.5149    9341
11.5249    9255
11.5349    9524
11.5449    9328
11.5549    9124
11.5649    9052
11.5749    9222
11.5849    9184
11.5949    9199
11.6049    9293
11.6149    9245
11.6249    9187
11.6349    9095
11.6449    9211
11.6549    9246
11.6649    9190
11.6749    9109
11.6849    9168
11.6949    9136
11.7049    9218
11.7149    9181
11.7249    9100
11.7349    9258
11.7449    9162
11.7549    9206
11.7649    9357
11.7749    9105
11.7849    9297
11.7949    9084
11.8049    9111
11.8149    9134
11.8249    9224
11.8349    9250
11.8449    9158
11.8549    8983
11.8649    8993
11.8749    9057
11.8849    9201
11.8949    8950
11.9049    9003
11.9149    9054
11.9249    9062
11.9349    9087
11.9449    9014
11.9549    8929
11.9649    9108
11.9749    9175
11.9849    9014
11.9949    9186
12.0049    8961
12.0149    8868
12.0249    9000
12.0349    8957
12.0449    8899
12.0549    9059
12.0649    9017
12.0749    8876
12.0849    8899
12.0949    9131
12.1049    9078
12.1149    8802
12.1249    8728
12.1349    9101
12.1449    8838
12.1549    8698
12.1649    8998
12.1749    8965
12.1849    8968
12.1949    8718
12.2049    8837
12.2149    8812
12.2249    8856
12.2349    8704
12.2449    8778
12.2549    8808
12.2649    8601
12.2749    8872
12.2849    8743
12.2949    8783
12.3049    8777
12.3149    8566
12.3249    8651
12.3349    8725
12.3449    8714
12.3549    8747
12.3649    8698
12.3749    8552
12.3849    8379
12.3949    8471
12.4049    8570
12.4149    8599
12.4249    8538
12.4349    8582
12.4449    8506
12.4549    8395
12.4649    8388
12.4749    8545
12.4849    8407
12.4949    8410
12.5050    8371
12.5150    8263
12.5250    8443
12.5350    8180
12.5450    8335
12.5550    8305
12.5650    8139
12.5750    8064
12.5850    8201
12.5950    8267
12.6050    8117
12.6150    8030
12.6250    8144
12.6350    8145
12.6450    7986
12.6550    8128
12.6650    7985
12.6750    8057
12.6850    8002
12.6950    7988
12.7050    8000
12.7150    8025
12.7250    7977
12.7350    7925
12.7450    7909
12.7550    7758
12.7650    7907
12.7750    7873
12.7850    7809
12.7950    7879
12.8050    7777
12.8150    7855
12.8250    7919
12.8350    7733
12.8450    7815
12.8550    7695
12.8650    7922
12.8750    7772
12.8850    7844
12.8950    7607
12.9050    7663
12.9150    7578
12.9250    7739
12.9350    7650
12.9450    7639
12.9550    7554
12.9650    7713
12.9750    7635
12.9850    7514
12.9950    7579
13.0050    7548
13.0150    7665
13.0250    7633
13.0350    7603
13.0450    7355
13.0550    7489
13.0650    7462
13.0750    7384
13.0850    7467
13.0950    7445
13.1050    7309
13.1150    7437
13.1250    7595
13.1350    7296
13.1450    7402
13.1550    7433
13.1650    7371
13.1750    7201
13.1850    7228
13.1950    7211
13.2050    7106
13.2150    7156
13.2250    7204
13.2350    7404
13.2450    7396
13.2550    7317
13.2650    7180
13.2750    7063
13.2850    7029
13.2950    7159
13.3050    7091
13.3150    7188
13.3250    7101
13.3350    7153
13.3450    7036
13.3550    7058
13.3650    7125
13.3750    7113
13.3850    6967
13.3950    6955
13.4050    7116
13.4150    7065
13.4250    6965
13.4350    7015
13.4450    7113
13.4550    6904
13.4650    7020
13.4750    6898
13.4850    6910
13.4950    7116
13.5051    6883
13.5151    6853
13.5251    6895
13.5351    6832
13.5451    6900
13.5551    6755
13.5651    6826
13.5751    6746
13.5851    6771
13.5951    6921
13.6051    6895
13.6151    6714
13.6251    6827
13.6351    6685
13.6451    6691
13.6551    6754
13.6651    6782
13.6751    6591
13.6851    6653
13.6951    6689
13.7051    6703
13.7151    6585
13.7251    6610
13.7351    6652
13.7451    6595
13.7551    6632
13.7651    6469
13.7751    6722
13.7851    6411
13.7951    6532
13.8051    6628
13.8151    6554
13.8251    6439
13.8351    6511
13.8451    6408
13.8551    6489
13.8651    6519
13.8751    6356
13.8851    6386
13.8951    6535
13.9051    6406
13.9151    6295
13.9251    6596
13.9351    6306
13.9451    6367
13.9551    6386
13.9651    6265
13.9751    6393
13.9851    6383
13.9951    6190
14.0051    6423
14.0151    6256
14.0251    6155
14.0351    6239
14.0451    6207
14.0551    6109
14.0651    6276
14.0751    6241
14.0851    6379
14.0951    6196
14.1051    6263
14.1151    6102
14.1251    6069
14.1351    6083
14.1451    6062
14.1551    6089
14.1651    6095
14.1751    6012
14.1851    6012
14.1951    6046
14.2051    6086
14.2151    6034
14.2251    5997
14.2351    5932
14.2451    5933
14.2551    6073
14.2651    5923
14.2751    5936
14.2851    5873
14.2951    5836
14.3051    5989
14.3151    5947
14.3251    5790
14.3351    5857
14.3451    5780
14.3551    5930
14.3651    5809
14.3751    5635
14.3851    5692
14.3951    5506
14.4051    5714
14.4151    5668
14.4251    5770
14.4351    5569
14.4451    5662
14.4551    5674
14.4651    5563
14.4751    5533
14.4851    5664
14.4951    5692
14.5052    5510
14.5152    5591
14.5252    5450
14.5352    5517
14.5452    5530
14.5552    5459
14.5652    5454
14.5752    5360
14.5852    5509
14.5952    5371
14.6052    5502
14.6152    5468
14.6252    5513
14.6352    5313
14.6452    5196
14.6552    5311
14.6652    5400
14.6752    5394
14.6852    5209
14.6952    5327
14.7052    5252
14.7152    5159
14.7252    5233
14.7352    5169
14.7452    5229
14.7552    5089
14.7652    5127
14.7752    5090
14.7852    5066
14.7952    5191
14.8052    5122
14.8152    5102
14.8252    4998
14.8352    5020
14.8452    4943
14.8552    5032
14.8652    5002
14.8752    4931
14.8852    4914
14.8952    4936
14.9052    4949
14.9152    4942
14.9252    5021
14.9352    4834
14.9452    5005
14.9552    4954
14.9652    4888
14.9752    4959
14.9852    4759
14.9952    4688
15.0052    4779
15.0152    4851
15.0252    4875
15.0352    4771
15.0452    4744
15.0552    4686
15.0652    4876
15.0752    4770
15.0852    4717
15.0952    4726
15.1052    4680
15.1152    4621
15.1252    4680
15.1352    4581
15.1452    4511
15.1552    4602
15.1652    4544
15.1752    4523
15.1852    4725
15.1952    4417
15.2052    4470
15.2152    4419
15.2252    4445
15.2352    4465
15.2452    4492
15.2552    4367
15.2652    4498
15.2752    4559
15.2852    4419
15.2952    4353
15.3052    4313
15.3152    4358
15.3252    4271
15.3352    4387
15.3452    4331
15.3552    4367
15.3652    4461
15.3752    4300
15.3852    4205
15.3952    4280
15.4052    4278
15.4152    4291
15.4252    4249
15.4352    4304
15.4452    4227
15.4552    4224
15.4652    4304
15.4752    4229
15.4852    4211
15.4952    4068
15.5053    4300
15.5153    4153
15.5253    4125
15.5353    4166
15.5453    4090
15.5553    4129
15.5653    4021
15.5753    4215
15.5853    4098
15.5953    4179
15.6053    4072
15.6153    4110
15.6253    3997
15.6353    4016
15.6453    3929
15.6553    4039
15.6653    4031
15.6753    4009
15.6853    3942
15.6953    3944
15.7053    3880
15.7153    3891
15.7253    3914
15.7353    3923
15.7453    3850
15.7553    3720
15.7653    3888
15.7753    3912
15.7853    3914
15.7953    3771
15.8053    3837
15.8153    3762
15.8253    3781
15.8353    3723
15.8453    3844
15.8553    3729
15.8653    3778
15.8753    3713
15.8853    3706
15.8953    3639
15.9053    3623
15.9153    3704
15.9253    3718
15.9353    3672
15.9453    3651
15.9553    3635
15.9653    3735
15.9753    3643
15.9853    3505
15.9953    3678
16.0053    3562
16.0153    3576
16.0253    3639
16.0353    3533
16.0453    3583
16.0553    3627
16.0653    3638
16.0753    3567
16.0853    3576
16.0953    3537
16.1053    3473
16.1153    3420
16.1253    3549
16.1353    3544
16.1453    3485
16.1553    3454
16.1653    3543
16.1753    3421
16.1853    3464
16.1953    3328
16.2053    3452
16.2153    3368
16.2253    3483
16.2353    3335
16.2453    3377
16.2553    3278
16.2653    3364
16.2753    3441
16.2853    3300
16.2953    3150
16.3053    3326
16.3153    3315
16.3253    3305
16.3353    3271
16.3453    3279
16.3553    3265
16.3653    3274
16.3753    3239
16.3853    3298
16.3953    3331
16.4053    3239
16.4153    3229
16.4253    3184
16.4353    3145
16.4453    3168
16.4553    3246
16.4653    3206
16.4753    3299
16.4853    3195
16.4953    3219
16.5054    3171
16.5154    3167
16.5254    3159
16.5354    3150
16.5454    3171
16.5554    3124
16.5654    3131
16.5754    3069
16.5854    3154
16.5954    3041
16.6054    3144
16.6154    3012
16.6254    3030
16.6354    3023
16.6454    2980
16.6554    3000
16.6654    3063
16.6754    3035
16.6854    3058
16.6954    3042
16.7054    2985
16.7154    2942
16.7254    3001
16.7354    2952
16.7454    3059
16.7554    2932
16.7654    3018
16.7754    2906
16.7854    2919
16.7954    2863
16.8054    2949
16.8154    2919
16.8254    2939
16.8354    2901
16.8454    2880
16.8554    2970
16.8654    2918
16.8754    2877
16.8854    2860
16.8954    2887
16.9054    2866
16.9154    2960
16.9254    2814
16.9354    2886
16.9454    2895
16.9554    2822
16.9654    2759
16.9754    2853
16.9854    2728
16.9954    2809
17.0054    2828
17.0154    2763
17.0254    2797
17.0354    2795
17.0454    2868
17.0554    2785
17.0654    2800
17.0754    2850
17.0854    2807
17.0954    2715
17.1054    2685
17.1154    2795
17.1254    2772
17.1354    2807
17.1454    2763
17.1554    2833
17.1654    2688
17.1754    2810
17.1854    2684
17.1954    2739
17.2054    2762
17.2154    2703
17.2254    2798
17.2354    2721
17.2454    2727
17.2554    2640
17.2654    2728
17.2754    2702
17.2854    2740
17.2954    2677
17.3054    2586
17.3154    2619
17.3254    2665
17.3354    2649
17.3454    2632
17.3554    2775
17.3654    2722
17.3754    2531
17.3854    2629
17.3954    2678
17.4054    2632
17.4154    2621
17.4254    2667
17.4354    2663
17.4454    2585
17.4554    2577
17.4654    2607
17.4754    2543
17.4854    2695
17.4954    2646
17.5055    2540
17.5155    2555
17.5255    2583
17.5355    2695
17.5455    2611
17.5555    2607
17.5655    2539
17.5755    2641
17.5855    2596
17.5955    2683
17.6055    2649
17.6155    2629
17.6255    2632
17.6355    2621
17.6455    2614
17.6555    2601
17.6655    2620
17.6755    2679
17.6855    2545
17.6955    2661
17.7055    2672
17.7155    2635
17.7255    2681
17.7355    2630
17.7455    2696
17.7555    2632
17.7655    2717
17.7755    2691
17.7855    2713
17.7955    2832
17.8055    2771
17.8155    2725
17.8255    2791
17.8355    2674
17.8455    2738
17.8555    2638
17.8655    2697
17.8755    2777
17.8855    2674
17.8955    2715
17.9055    2812
17.9155    2752
17.9255    2850
17.9355    2662
17.9455    2761
17.9555    2815
17.9655    2854
17.9755    2790
17.9855    2818
17.9955    2881
18.0055    2804
18.0155    2941
18.0255    2875
18.0355    2904
18.0455    2940
18.0555    2996
18.0655    3006
18.0755    2998
18.0855    2976
18.0955    2934
18.1055    2979
18.1155    3054
18.1255    3055
18.1355    3114
18.1455    2967
18.1555    3171
18.1655    3157
18.1755    3210
18.1855    3165
18.1955    3248
18.2055    3291
18.2155    3284
18.2255    3315
18.2355    3233
18.2455    3363
18.2555    3500
18.2655    3367
18.2755    3463
18.2855    3479
18.2955    3498
18.3055    3399
18.3155    3577
18.3255    3637
18.3355    3655
18.3455    3777
18.3555    3793
18.3655    3806
18.3755    3917
18.3855    4025
18.3955    4082
18.4055    4043
18.4155    4191
18.4255    4245
18.4355    4389
18.4455    4645
18.4555    4482
18.4655    4698
18.4755    4900
18.4855    4980
18.4955    5059
18.5056    5244
18.5156    5530
18.5256    5601
18.5356    5823
18.5456    5997
18.5556    6051
18.5656    6331
18.5756    6609
18.5856    6875
18.5956    6913
18.6056    7288
18.6156    7578
18.6256    7893
18.6356    8027
18.6456    8294
18.6556    8728
18.6656    8774
18.6756    9109
18.6856    9335
18.6956    9564
18.7056    9875
18.7156    10201
18.7256    10540
18.7356    10690
18.7456    11010
18.7556    11206
18.7656    11538
18.7756    11600
18.7856    11721
18.7956    12105
18.8056    12196
18.8156    12489
18.8256    12818
18.8356    12917
18.8456    13058
18.8556    13154
18.8656    13180
18.8756    13432
18.8856    13533
18.8956    13762
18.9056    13479
18.9156    13398
18.9256    13677
18.9356    13320
18.9456    13405
18.9556    13258
18.9656    13383
18.9756    13297
18.9856    13098
18.9956    13015
19.0056    12819
19.0156    12631
19.0256    12466
19.0356    12249
19.0456    12070
19.0556    11745
19.0656    11522
19.0756    11240
19.0856    10914
19.0956    10619
19.1056    10741
19.1156    10214
19.1256    9886
19.1356    9651
19.1456    9413
19.1556    9091
19.1656    8739
19.1756    8341
19.1856    8196
19.1956    7826
19.2056    7596
19.2156    7434
19.2256    7078
19.2356    6912
19.2456    6594
19.2556    6275
19.2656    6110
19.2756    5912
19.2856    5635
19.2956    5463
19.3056    5232
19.3156    5082
19.3256    4956
19.3356    4775
19.3456    4597
19.3556    4418
19.3656    4120
19.3756    3994
19.3856    3840
19.3956    3805
19.4056    3646
19.4156    3483
19.4256    3452
19.4356    3379
19.4456    3223
19.4556    3137
19.4656    3069
19.4756    3002
19.4856    2894
19.4956    2862
19.5057    2752
19.5157    2740
19.5257    2676
19.5357    2669
19.5457    2486
19.5557    2515
19.5657    2485
19.5757    2457
19.5857    2346
19.5957    2355
19.6057    2238
19.6157    2286
19.6257    2167
19.6357    2140
19.6457    2192
19.6557    2151
19.6657    2073
19.6757    2027
19.6857    2091
19.6957    1967
19.7057    1920
19.7157    1888
19.7257    1844
19.7357    1786
19.7457    1793
19.7557    1824
19.7657    1834
19.7757    1728
19.7857    1737
19.7957    1685
19.8057    1720
19.8157    1685
19.8257    1750
19.8357    1605
19.8457    1586
19.8557    1664
19.8657    1610
19.8757    1669
19.8857    1646
19.8957    1620
19.9057    1748
19.9157    1705
19.9257    1797
19.9357    1766
19.9457    1817
19.9557    1892
19.9657    1942
19.9757    2008
19.9857    2049
19.9957    2169
20.0057    2214
20.0157    2236
20.0257    2341
20.0357    2502
20.0457    2587
20.0557    2671
20.0657    2676
20.0757    2684
20.0857    2815
20.0957    3028
20.1057    3066
20.1157    3185
20.1257    3144
20.1357    3279
20.1457    3210
20.1557    3291
20.1657    3298
20.1757    3275
20.1857    3234
20.1957    3222
20.2057    3167
20.2157    3240
20.2257    3176
20.2357    3063
20.2457    3051
20.2557    2796
20.2657    2740
20.2757    2683
20.2857    2488
20.2957    2413
20.3057    2334
20.3157    2166
20.3257    2070
20.3357    1946
20.3457    1879
20.3557    1760
20.3657    1575
20.3757    1564
20.3857    1509
20.3957    1333
20.4057    1361
20.4157    1323
20.4257    1247
20.4357    1249
20.4457    1149
20.4557    1097
20.4657    1107
20.4757    1133
20.4857    1126
20.4957    1088
20.5058    1047
20.5158    1089
20.5258    1077
20.5358    1014
20.5458    1075
20.5558    971
20.5658    1046
20.5758    1103
20.5858    1046
20.5958    1057
20.6058    1110
20.6158    1049
20.6258    1099
20.6358    1050
20.6458    1030
20.6558    1116
20.6658    1107
20.6758    1133
20.6858    1172
20.6958    1142
20.7058    1109
20.7158    1239
20.7258    1204
20.7358    1209
20.7458    1169
20.7558    1238
20.7658    1246
20.7758    1234
20.7858    1257
20.7958    1352
20.8058    1301
20.8158    1377
20.8258    1365
20.8358    1434
20.8458    1313
20.8558    1392
20.8658    1426
20.8758    1454
20.8858    1503
20.8958    1475
20.9058    1534
20.9158    1585
20.9258    1519
20.9358    1550
20.9458    1612
20.9558    1698
20.9658    1693
20.9758    1672
20.9858    1653
20.9958    1623
21.0058    1700
21.0158    1731
21.0258    1800
21.0358    1731
21.0458    1801
21.0558    1817
21.0658    1850
21.0758    1797
21.0858    1816
21.0958    1910
21.1058    1823
21.1158    1817
21.1258    1851
21.1358    1937
21.1458    1831
21.1558    1780
21.1658    1828
21.1758    1850
21.1858    1815
21.1958    1837
21.2058    1884
21.2158    1792
21.2258    1763
21.2358    1780
21.2458    1798
21.2558    1730
21.2658    1812
21.2758    1710
21.2858    1705
21.2958    1611
21.3058    1621
21.3158    1553
21.3258    1624
21.3358    1605
21.3458    1603
21.3558    1587
21.3658    1533
21.3758    1509
21.3858    1457
21.3958    1463
21.4058    1377
21.4158    1460
21.4258    1406
21.4358    1420
21.4458    1362
21.4558    1301
21.4658    1254
21.4758    1228
21.4858    1288
21.4958    1192
21.5059    1158
21.5159    1138
21.5259    1099
21.5359    1146
21.5459    1080
21.5559    1025
21.5659    1035
21.5759    998
21.5859    1023
21.5959    959
21.6059    938
21.6159    921
21.6259    942
21.6359    917
21.6459    874
21.6559    893
21.6659    851
21.6759    841
21.6859    800
21.6959    793
21.7059    765
21.7159    737
21.7259    721
21.7359    788
21.7459    700
21.7559    685
21.7659    722
21.7759    680
21.7859    632
21.7959    660
21.8059    672
21.8159    625
21.8259    635
21.8359    674
21.8459    594
21.8559    608
21.8659    623
21.8759    626
21.8859    625
21.8959    557
21.9059    542
21.9159    578
21.9259    547
21.9359    540
21.9459    546
21.9559    564
21.9659    502
21.9759    509
21.9859    482
21.9959    541
22.0059    515
22.0159    502
22.0259    515
22.0359    467
22.0459    497
22.0559    514
22.0659    481
22.0759    447
22.0859    440
22.0959    497
22.1059    472
22.1159    485
22.1259    453
22.1359    431
22.1459    465
22.1559    446
22.1659    424
22.1759    482
22.1859    422
22.1959    409
22.2059    369
22.2159    434
22.2259    426
22.2359    374
22.2459    422
22.2559    378
22.2659    414
22.2759    417
22.2859    393
22.2959    382
22.3059    376
22.3159    377
22.3259    381
22.3359    392
22.3459    394
22.3559    394
22.3659    354
22.3759    392
22.3859    363
22.3959    387
22.4059    334
22.4159    373
22.4259    356
22.4359    419
22.4459    381
22.4559    357
22.4659    344
22.4759    374
22.4859    366
22.4959    345
22.5060    357
22.5160    377
22.5260    349
22.5360    396
22.5460    361
22.5560    434
22.5660    407
22.5760    383
22.5860    385
22.5960    430
22.6060    403
22.6160    465
22.6260    425
22.6360    438
22.6460    445
22.6560    480
22.6660    500
22.6760    484
22.6860    475
22.6960    460
22.7060    469
22.7160    524
22.7260    464
22.7360    492
22.7460    501
22.7560    456
22.7660    461
22.7760    451
22.7860    434
22.7960    448
22.8060    451
22.8160    424
22.8260    411
22.8360    405
22.8460    359
22.8560    390
22.8660    342
22.8760    315
22.8860    328
22.8960    333
22.9060    347
22.9160    342
22.9260    297
22.9360    312
22.9460    308
22.9560    292
22.9660    277
22.9760    304
22.9860    288
22.9960    310
23.0060    281
23.0160    283
23.0260    294
23.0360    266
23.0460    289
23.0560    283
23.0660    296
23.0760    279
23.0860    274
23.0960    280
23.1060    275
23.1160    267
23.1260    270
23.1360    275
23.1460    263
23.1560    298
23.1660    293
23.1760    289
23.1860    265
23.1960    289
23.2060    281
23.2160    289
23.2260    244
23.2360    284
23.2460    293
23.2560    252
23.2660    263
23.2760    265
23.2860    234
23.2960    258
23.3060    244
23.3160    238
23.3260    274
23.3360    228
23.3460    243
23.3560    227
23.3660    242
23.3760    225
23.3860    223
23.3960    230
23.4060    237
23.4160    229
23.4260    233
23.4360    225
23.4460    233
23.4560    232
23.4660    223
23.4760    285
23.4860    228
23.4960    215
23.5061    244
23.5161    236
23.5261    208
23.5361    224
23.5461    217
23.5561    220
23.5661    219
23.5761    218
23.5861    225
23.5961    202
23.6061    203
23.6161    208
23.6261    235
23.6361    217
23.6461    230
23.6561    232
23.6661    197
23.6761    203
23.6861    236
23.6961    219
23.7061    235
23.7161    189
23.7261    214
23.7361    219
23.7461    212
23.7561    219
23.7661    214
23.7761    193
23.7861    183
23.7961    248
23.8061    188
23.8161    216
23.8261    225
23.8361    226
23.8461    233
23.8561    202
23.8661    215
23.8761    210
23.8861    204
23.8961    206
23.9061    193
23.9161    211
23.9261    209
23.9361    197
23.9461    186
23.9561    202
23.9661    207
23.9761    211
23.9861    199
23.9961    207
24.0061    200
24.0161    216
24.0261    168
24.0361    191
24.0461    216
24.0561    192
24.0661    196
24.0761    188
24.0861    193
24.0961    188
24.1061    205
24.1161    201
24.1261    192
24.1361    191
24.1461    205
24.1561    193
24.1661    189
24.1761    179
24.1861    186
24.1961    156
24.2061    184
24.2161    188
24.2261    204
24.2361    195
24.2461    192
24.2561    185
24.2661    182
24.2761    182
24.2861    200
24.2961    177
24.3061    179
24.3161    204
24.3261    186
24.3361    181
24.3461    169
24.3561    187
24.3661    168
24.3761    175
24.3861    175
24.3961    201
24.4061    186
24.4161    201
24.4261    199
24.4361    173
24.4461    182
24.4561    204
24.4661    166
24.4761    167
24.4861    175
24.4961    173
24.5062    152
24.5162    151
24.5262    199
24.5362    199
24.5462    166
24.5562    175
24.5662    179
24.5762    167
24.5862    157
24.5962    164
24.6062    163
24.6162    177
24.6262    176
24.6362    165
24.6462    189
24.6562    162
24.6662    186
24.6762    173
24.6862    168
24.6962    193
24.7062    161
24.7162    183
24.7262    151
24.7362    153
24.7462    168
24.7562    170
24.7662    145
24.7762    169
24.7862    164
24.7962    162
24.8062    170
24.8162    161
24.8262    129
24.8362    173
24.8462    137
24.8562    166
24.8662    169
24.8762    136
24.8862    151
24.8962    167
24.9062    157
24.9162    136
24.9262    147
24.9362    139
24.9462    137
24.9562    149
24.9662    188
24.9762    167
24.9862    154
24.9962    166
25.0062    154
25.0162    163
25.0262    157
25.0362    140
25.0462    141
25.0562    142
25.0662    155
25.0762    138
25.0862    169
25.0962    132
25.1062    151
25.1162    137
25.1262    143
25.1362    144
25.1462    159
25.1562    153
25.1662    138
25.1762    132
25.1862    148
25.1962    136
25.2062    133
25.2162    125
25.2262    136
25.2362    141
25.2462    158
25.2562    118
25.2662    148
25.2762    129
25.2862    151
25.2962    140
25.3062    138
25.3162    127
25.3262    128
25.3362    146
25.3462    130
25.3562    139
25.3662    138
25.3762    125
25.3862    109
25.3962    125
25.4062    108
25.4162    144
25.4262    140
25.4362    145
25.4462    128
25.4562    125
25.4662    125
25.4762    137
25.4862    125
25.4962    118
25.5063    128
25.5163    125
25.5263    128
25.5363    113
25.5463    116
25.5563    124
25.5663    122
25.5763    150
25.5863    132
25.5963    134
25.6063    134
25.6163    121
25.6263    135
25.6363    134
25.6463    122
25.6563    131
25.6663    108
25.6763    101
25.6863    132
25.6963    113
25.7063    115
25.7163    125
25.7263    130
25.7363    128
25.7463    121
25.7563    124
25.7663    126
25.7763    122
25.7863    116
25.7963    104
25.8063    121
25.8163    136
25.8263    128
25.8363    121
25.8463    128
25.8563    113
25.8663    121
25.8763    117
25.8863    102
25.8963    137
25.9063    114
25.9163    117
25.9263    121
25.9363    110
25.9463    113
25.9563    108
25.9663    104
25.9763    126
25.9863    115
25.9963    116
26.0063    106
26.0163    110
26.0263    104
26.0363    121
26.0463    99
26.0563    115
26.0663    115
26.0763    124
26.0863    114
26.0963    96
26.1063    120
26.1163    85
26.1263    103
26.1363    104
26.1463    99
26.1563    113
26.1663    104
26.1763    93
26.1863    87
26.1963    103
26.2063    99
26.2163    98
26.2263    107
26.2363    100
26.2463    117
26.2563    89
26.2663    92
26.2763    97
26.2863    96
26.2963    83
26.3063    84
26.3163    92
26.3263    111
26.3363    92
26.3463    97
26.3563    97
26.3663    106
26.3763    92
26.3863    92
26.3963    87
26.4063    100
26.4163    98
26.4263    91
26.4363    79
26.4463    115
26.4563    111
26.4663    107
26.4763    76
26.4863    88
26.4963    113
26.5064    110
26.5164    91
26.5264    97
26.5364    96
26.5464    96
26.5564    98
26.5664    84
26.5764    101
26.5864    81
26.5964    86
26.6064    78
26.6164    98
26.6264    89
26.6364    74
26.6464    110
26.6564    111
26.6664    105
26.6764    85
26.6864    85
26.6964    105
26.7064    127
26.7164    99
26.7264    102
26.7364    93
26.7464    85
26.7564    93
26.7664    74
26.7764    80
26.7864    81
26.7964    86
26.8064    86
26.8164    92
26.8264    92
26.8364    95
26.8464    97
26.8564    86
26.8664    91
26.8764    109
26.8864    107
26.8964    82
26.9064    87
26.9164    83
26.9264    86
26.9364    77
26.9464    85
26.9564    81
26.9664    91
26.9764    85
26.9864    86
26.9964    93
27.0064    98
27.0164    81
27.0264    77
27.0364    75
27.0464    83
27.0564    92
27.0664    92
27.0764    93
27.0864    81
27.0964    89
27.1064    85
27.1164    84
27.1264    78
27.1364    95
27.1464    87
27.1564    77
27.1664    73
27.1764    81
27.1864    73
27.1964    94
27.2064    56
27.2164    81
27.2264    79
27.2364    83
27.2464    84
27.2564    93
27.2664    73
27.2764    82
27.2864    64
27.2964    73
27.3064    83
27.3164    68
27.3264    74
27.3364    65
27.3464    77
27.3564    69
27.3664    72
27.3764    75
27.3864    93
27.3964    76
27.4064    63
27.4164    81
27.4264    58
27.4364    72
27.4464    64
27.4564    62
27.4664    91
27.4764    77
27.4864    62
27.4964    77
27.5065    78
27.5165    68
27.5265    84
27.5365    76
27.5465    92
27.5565    82
27.5665    89
27.5765    83
27.5865    63
27.5965    71
27.6065    82
27.6165    68
27.6265    62
27.6365    74
27.6465    81
27.6565    88
27.6665    74
27.6765    68
27.6865    79
27.6965    86
27.7065    60
27.7165    55
27.7265    71
27.7365    75
27.7465    80
27.7565    59
27.7665    63
27.7765    73
27.7865    68
27.7965    70
27.8065    63
27.8165    64
27.8265    56
27.8365    63
27.8465    65
27.8565    76
27.8665    63
27.8765    59
27.8865    63
27.8965    62
27.9065    67
27.9165    62
27.9265    66
27.9365    61
27.9465    52
27.9565    67
27.9665    55
27.9765    68
27.9865    76
27.9965    67
28.0065    69
28.0165    62
28.0265    76
28.0365    81
28.0465    50
28.0565    61
28.0665    55
28.0765    57
28.0865    65
28.0965    75
28.1065    45
28.1165    68
28.1265    62
28.1365    67
28.1465    53
28.1565    65
28.1665    56
28.1765    54
28.1865    64
28.1965    47
28.2065    63
28.2165    65
28.2265    53
28.2365    64
28.2465    62
28.2565    66
28.2665    47
28.2765    67
28.2865    65
28.2965    70
28.3065    69
28.3165    46
28.3265    63
28.3365    61
28.3465    63
28.3565    62
28.3665    52
28.3765    59
28.3865    64
28.3965    59
28.4065    59
28.4165    57
28.4265    52
28.4365    65
28.4465    48
28.4565    62
28.4665    63
28.4765    70
28.4865    54
28.4965    59
28.5066    68
28.5166    66
28.5266    45
28.5366    38
28.5466    57
28.5566    38
28.5666    55
28.5766    55
28.5866    64
28.5966    53
28.6066    61
28.6166    60
28.6266    62
28.6366    51
28.6466    53
28.6566    58
28.6666    55
28.6766    45
28.6866    46
28.6966    60
28.7066    52
28.7166    54
28.7266    52
28.7366    50
28.7466    48
28.7566    71
28.7666    55
28.7766    52
28.7866    43
28.7966    60
28.8066    58
28.8166    58
28.8266    50
28.8366    38
28.8466    44
28.8566    59
28.8666    49
28.8766    39
28.8866    55
28.8966    55
28.9066    48
28.9166    43
28.9266    55
28.9366    50
28.9466    52
28.9566    34
28.9666    54
28.9766    50
28.9866    53
28.9966    47
29.0066    42
29.0166    41
29.0266    67
29.0366    49
29.0466    59
29.0566    37
29.0666    51
29.0766    36
29.0866    47
29.0966    40
29.1066    40
29.1166    49
29.1266    44
29.1366    56
29.1466    40
29.1566    47
29.1666    39
29.1766    52
29.1866    44
29.1966    49
29.2066    45
29.2166    44
29.2266    40
29.2366    48
29.2466    54
29.2566    38
29.2666    50
29.2766    49
29.2866    46
29.2966    35
29.3066    52
29.3166    49
29.3266    59
29.3366    44
29.3466    59
29.3566    55
29.3666    38
29.3766    46
29.3866    51
29.3966    50
29.4066    40
29.4166    46
29.4266    46
29.4366    50
29.4466    44
29.4566    51
29.4666    47
29.4766    39
29.4866    30
29.4966    52
29.5067    48
29.5167    44
29.5267    47
29.5367    43
29.5467    44
29.5567    37
29.5667    36
29.5767    35
29.5867    41
29.5967    49
29.6067    39
29.6167    35
29.6267    38
29.6367    39
29.6467    48
29.6567    46
29.6667    41
29.6767    42
29.6867    46
29.6967    44
29.7067    34
29.7167    37
29.7267    35
29.7367    42
29.7467    33
29.7567    46
29.7667    31
29.7767    45
29.7867    37
29.7967    36
29.8067    35
29.8167    41
29.8267    52
29.8367    56
29.8467    42
29.8567    37
29.8667    35
29.8767    47
29.8867    38
29.8967    38
29.9067    39
29.9167    35
29.9267    42
29.9367    35
29.9467    45
29.9567    42
29.9667    37
29.9767    61
29.9867    41
29.9967    33
30.0067    40
30.0167    30
30.0267    33
30.0367    43
30.0467    35
30.0567    51
30.0667    45
30.0767    47
30.0867    38
30.0967    30
30.1067    33
30.1167    28
30.1267    55
30.1367    33
30.1467    46
30.1567    37
30.1667    37
30.1767    38
30.1867    27
30.1967    34
30.2067    35
30.2167    30
30.2267    31
30.2367    32
30.2467    29
30.2567    31
30.2667    38
30.2767    35
30.2867    36
30.2967    37
30.3067    24
30.3167    44
30.3267    41
30.3367    37
30.3467    39
30.3567    35
30.3667    34
30.3767    31
30.3867    38
30.3967    37
30.4067    31
30.4167    34
30.4267    28
30.4367    35
30.4467    36
30.4567    43
30.4667    44
30.4767    33
30.4867    35
30.4967    38
30.5068    28
30.5168    34
30.5268    33
30.5368    42
30.5468    37
30.5568    36
30.5668    28
30.5768    30
30.5868    28
30.5968    32
30.6068    34
30.6168    39
30.6268    29
30.6368    29
30.6468    26
30.6568    39
30.6668    38
30.6768    28
30.6868    29
30.6968    41
30.7068    31
30.7168    34
30.7268    28
30.7368    27
30.7468    35
30.7568    24
30.7668    31
30.7768    37
30.7868    43
30.7968    30
30.8068    36
30.8168    37
30.8268    25
30.8368    29
30.8468    26
30.8568    37
30.8668    26
30.8768    30
30.8868    29
30.8968    35
30.9068    35
30.9168    38
30.9268    33
30.9368    24
30.9468    32
30.9568    31
30.9668    34
30.9768    31
30.9868    46
30.9968    27
31.0068    31
31.0168    40
31.0268    19
31.0368    43
31.0468    36
31.0568    31
31.0668    36
31.0768    29
31.0868    26
31.0968    19
31.1068    31
31.1168    37
31.1268    22
31.1368    30
31.1468    26
31.1568    28
31.1668    33
31.1768    28
31.1868    30
31.1968    36
31.2068    31
31.2168    31
31.2268    33
31.2368    26
31.2468    20
31.2568    30
31.2668    40
31.2768    35
31.2868    25
31.2968    27
31.3068    30
31.3168    25
31.3268    28
31.3368    34
31.3468    29
31.3568    23
31.3668    24
31.3768    20
31.3868    28
31.3968    31
31.4068    32
31.4168    17
31.4268    29
31.4368    27
31.4468    29
31.4568    35
31.4668    25
31.4768    17
31.4868    27
31.4968    18
31.5069    27
31.5169    19
31.5269    19
31.5369    28
31.5469    23
31.5569    22
31.5669    28
31.5769    29
31.5869    23
31.5969    29
31.6069    24
31.6169    22
31.6269    25
31.6369    25
31.6469    21
31.6569    25
31.6669    25
31.6769    29
31.6869    31
31.6969    25
31.7069    28
31.7169    28
31.7269    17
31.7369    14
31.7469    33
31.7569    28
31.7669    32
31.7769    26
31.7869    28
31.7969    30
31.8069    35
31.8169    20
31.8269    23
31.8369    25
31.8469    31
31.8569    16
31.8669    25
31.8769    31
31.8869    19
31.8969    22
31.9069    31
31.9169    21
31.9269    22
31.9369    28
31.9469    22
31.9569    19
31.9669    20
31.9769    23
31.9869    21
31.9969    23
32.0069    25
32.0169    30
32.0269    19
32.0369    28
32.0469    23
32.0569    15
32.0669    27
32.0769    23
32.0869    13
32.0969    17
32.1069    19
32.1169    20
32.1269    20
32.1369    25
32.1469    23
32.1569    19
32.1669    27
32.1769    22
32.1869    22
32.1969    19
32.2069    21
32.2169    14
32.2269    13
32.2369    25
32.2469    24
32.2569    20
32.2669    18
32.2769    21
32.2869    23
32.2969    10
32.3069    21
32.3169    22
32.3269    17
32.3369    23
32.3469    17
32.3569    23
32.3669    15
32.3769    20
32.3869    17
32.3969    14
32.4069    14
32.4169    15
32.4269    23
32.4369    16
32.4469    19
32.4569    21
32.4669    17
32.4769    22
32.4869    12
32.4969    19
32.5070    27
32.5170    17
32.5270    21
32.5370    27
32.5470    13
32.5570    14
32.5670    15
32.5770    19
32.5870    23
32.5970    15
32.6070    25
32.6170    27
32.6270    13
32.6370    20
32.6470    19
32.6570    19
32.6670    21
32.6770    19
32.6870    20
32.6970    18
32.7070    26
32.7170    20
32.7270    19
32.7370    14
32.7470    12
32.7570    15
32.7670    14
32.7770    19
32.7870    16
32.7970    12
32.8070    16
32.8170    22
32.8270    12
32.8370    13
32.8470    16
32.8570    31
32.8670    13
32.8770    21
32.8870    11
32.8970    17
32.9070    14
32.9170    12
32.9270    15
32.9370    14
32.9470    17
32.9570    14
32.9670    20
32.9770    17
32.9870    14
32.9970    17
33.0070    14
33.0170    10
33.0270    17
33.0370    17
33.0470    13
33.0570    12
33.0670    8
33.0770    12
33.0870    9
33.0970    21
33.1070    11
33.1170    17
33.1270    19
33.1370    16
33.1470    17
33.1570    14
33.1670    11
33.1770    8
33.1870    16
33.1970    12
33.2070    8
33.2170    24
33.2270    11
33.2370    14
33.2470    20
33.2570    12
33.2670    22
33.2770    16
33.2870    15
33.2970    18
33.3070    16
33.3170    14
33.3270    10
33.3370    11
33.3470    15
33.3570    14
33.3670    20
33.3770    11
33.3870    9
33.3970    12
33.4070    17
33.4170    12
33.4270    7
33.4370    16
33.4470    18
33.4570    20
33.4670    18
33.4770    18
33.4870    23
33.4970    9
33.5071    8
33.5171    18
33.5271    21
33.5371    11
33.5471    7
33.5571    11
33.5671    13
33.5771    11
33.5871    11
33.5971    11
33.6071    12
33.6171    6
33.6271    11
33.6371    9
33.6471    15
33.6571    12
33.6671    20
33.6771    15
33.6871    16
33.6971    9
33.7071    14
33.7171    11
33.7271    11
33.7371    13
33.7471    12
33.7571    15
33.7671    12
33.7771    15
33.7871    9
33.7971    11
33.8071    13
33.8171    12
33.8271    17
33.8371    13
33.8471    17
33.8571    18
33.8671    9
33.8771    10
33.8871    9
33.8971    9
33.9071    10
33.9171    7
33.9271    14
33.9371    16
33.9471    10
33.9571    13
33.9671    22
33.9771    11
33.9871    7
33.9971    17
34.0071    8
34.0171    15
34.0271    12
34.0371    14
34.0471    10
34.0571    18
34.0671    13
34.0771    11
34.0871    9
34.0971    10
34.1071    8
34.1171    9
34.1271    8
34.1371    7
34.1471    15
34.1571    11
34.1671    8
34.1771    12
34.1871    5
34.1971    9
34.2071    16
34.2171    10
34.2271    10
34.2371    12
34.2471    14
34.2571    6
34.2671    14
34.2771    8
34.2871    7
34.2971    11
34.3071    12
34.3171    12
34.3271    4
34.3371    6
34.3471    16
34.3571    10
34.3671    2
34.3771    12
34.3871    8
34.3971    13
34.4071    6
34.4171    8
34.4271    11
34.4371    8
34.4471    7
34.4571    13
34.4671    8
34.4771    9
34.4871    13
34.4971    6
34.5072    9
34.5172    10
34.5272    10
34.5372    12
34.5472    8
34.5572    15
34.5672    15
34.5772    11
34.5872    14
34.5972    14
34.6072    7
34.6172    5
34.6272    10
34.6372    5
34.6472    11
34.6572    6
34.6672    11
34.6772    7
34.6872    8
34.6972    11
34.7072    3
34.7172    10
34.7272    6
34.7372    9
34.7472    14
34.7572    14
34.7672    10
34.7772    9
34.7872    9
34.7972    2
34.8072    6
34.8172    6
34.8272    9
34.8372    9
34.8472    7
34.8572    14
34.8672    10
34.8772    11
34.8872    15
34.8972    12
34.9072    11
34.9172    9
34.9272    8
34.9372    10
34.9472    10
34.9572    9
34.9672    10
34.9772    5
34.9872    6
34.9972    9
35.0072    12
35.0172    9
35.0272    6
35.0372    8
35.0472    10
35.0572    11
35.0672    10
35.0772    6
35.0872    3
35.0972    6
35.1072    5
35.1172    9
35.1272    4
35.1372    3
35.1472    9
35.1572    8
35.1672    15
35.1772    14
35.1872    6
35.1972    8
35.2072    8
35.2172    9
35.2272    7
35.2372    8
35.2472    4
35.2572    7
35.2672    12
35.2772    10
35.2872    4
35.2972    4
35.3072    8
35.3172    6
35.3272    10
35.3372    6
35.3472    8
35.3572    6
35.3672    15
35.3772    5
35.3872    4
35.3972    7
35.4072    8
35.4172    7
35.4272    3
35.4372    7
35.4472    5
35.4572    11
35.4672    6
35.4772    7
35.4872    5
35.4972    8
35.5073    7
35.5173    9
35.5273    10
35.5373    4
35.5473    4
35.5573    5
35.5673    7
35.5773    6
35.5873    3
35.5973    11
35.6073    9
35.6173    10
35.6273    9
35.6373    4
35.6473    7
35.6573    7
35.6673    5
35.6773    10
35.6873    10
35.6973    8
35.7073    10
35.7173    6
35.7273    3
35.7373    4
35.7473    6
35.7573    7
35.7673    8
35.7773    6
35.7873    5
35.7973    7
35.8073    10
35.8173    8
35.8273    5
35.8373    10
35.8473    8
35.8573    2
35.8673    9
35.8773    7
35.8873    5
35.8973    2
35.9073    5
35.9173    5
35.9273    8
35.9373    3
35.9473    6
35.9573    7
35.9673    4
35.9773    5
35.9873    5
35.9973    8
36.0073    5
36.0173    6
36.0273    6
36.0373    7
36.0473    6
36.0573    4
36.0673    5
36.0773    7
36.0873    5
36.0973    9
36.1073    6
36.1173    5
36.1273    6
36.1373    9
36.1473    5
36.1573    11
36.1673    6
36.1773    8
36.1873    6
36.1973    5
36.2073    11
36.2173    7
36.2273    4
36.2373    9
36.2473    3
36.2573    8
36.2673    2
36.2773    7
36.2873    10
36.2973    3
36.3073    10
36.3173    10
36.3273    5
36.3373    6
36.3473    3
36.3573    5
36.3673    4
36.3773    11
36.3873    13
36.3973    4
36.4073    8
36.4173    4
36.4273    8
36.4373    8
36.4473    10
36.4573    7
36.4673    6
36.4773    7
36.4873    2
36.4973    4
36.5074    6
36.5174    8
36.5274    10
36.5374    10
36.5474    3
36.5574    8
36.5674    5
36.5774    1
36.5874    6
36.5974    4
36.6074    6
36.6174    5
36.6274    1
36.6374    11
36.6474    1
36.6574    5
36.6674    4
36.6774    9
36.6874    8
36.6974    5
36.7074    5
36.7174    6
36.7274    7
36.7374    5
36.7474    4
36.7574    2
36.7674    3
36.7774    6
36.7874    3
36.7974    4
36.8074    6
36.8174    3
36.8274    3
36.8374    8
36.8474    7
36.8574    8
36.8674    2
36.8774    4
36.8874    4
36.8974    7
36.9074    3
36.9174    4
36.9274    5
36.9374    6
36.9474    2
36.9574    3
36.9674    5
36.9774    8
36.9874    5
36.9974    5
37.0074    6
37.0174    6
37.0274    5
37.0374    8
37.0474    7
37.0574    3
37.0674    6
37.0774    3
37.0874    7
37.0974    5
37.1074    6
37.1174    5
37.1274    7
37.1374    4
37.1474    13
37.1574    6
37.1674    7
37.1774    2
37.1874    5
37.1974    4
37.2074    4
37.2174    11
37.2274    2
37.2374    4
37.2474    9
37.2574    4
37.2674    3
37.2774    2
37.2874    3
37.2974    2
37.3074    7
37.3174    3
37.3274    8
37.3374    5
37.3474    3
37.3574    11
37.3674    4
37.3774    5
37.3874    8
37.3974    3
37.4074    8
37.4174    8
37.4274    7
37.4374    5
37.4474    7
37.4574    4
37.4674    2
37.4774    7
37.4874    8
37.4974    8
37.5075    4
37.5175    5
37.5275    5
37.5375    9
37.5475    2
37.5575    6
37.5675    8
37.5775    4
37.5875    5
37.5975    6
37.6075    9
37.6175    5
37.6275    7
37.6375    5
37.6475    2
37.6575    8
37.6675    3
37.6775    8
37.6875    6
37.6975    3
37.7075    5
37.7175    1
37.7275    6
37.7375    5
37.7475    7
37.7575    7
37.7675    4
37.7775    5
37.7875    5
37.7975    6
37.8075    4
37.8175    5
37.8275    6
37.8375    5
37.8475    5
37.8575    4
37.8675    7
37.8775    7
37.8875    6
37.8975    3
37.9075    3
37.9175    3
37.9275    6
37.9375    2
37.9475    5
37.9575    6
37.9675    8
37.9775    7
37.9875    4
37.9975    4
38.0075    2
38.0175    7
38.0275    10
38.0375    5
38.0475    3
38.0575    4
38.0675    4
38.0775    11
38.0875    2
38.0975    3
38.1075    2
38.1175    6
38.1275    3
38.1375    5
38.1475    5
38.1575    6
38.1675    4
38.1775    4
38.1875    4
38.1975    7
38.2075    4
38.2175    4
38.2275    1
38.2375    8
38.2475    3
38.2575    4
38.2675    5
38.2775    5
38.2875    3
38.2975    5
38.3075    5
38.3175    5
38.3275    5
38.3375    3
38.3475    5
38.3575    4
38.3675    3
38.3775    6
38.3875    3
38.3975    2
38.4075    8
38.4175    7
38.4275    1
38.4375    2
38.4475    3
38.4575    3
38.4675    5
38.4775    6
38.4875    6
38.4975    0
38.5076    3
38.5176    2
38.5276    0
38.5376    4
38.5476    6
38.5576    4
38.5676    5
38.5776    3
38.5876    2
38.5976    2
38.6076    2
38.6176    2
38.6276    6
38.6376    2
38.6476    8
38.6576    3
38.6676    3
38.6776    6
38.6876    2
38.6976    2
38.7076    5
38.7176    4
38.7276    4
38.7376    7
38.7476    2
38.7576    1
38.7676    2
38.7776    4
38.7876    1
38.7976    3
38.8076    2
38.8176    2
38.8276    2
38.8376    4
38.8476    3
38.8576    2
38.8676    3
38.8776    5
38.8876    5
38.8976    5
38.9076    4
38.9176    5
38.9276    2
38.9376    4
38.9476    4
38.9576    3
38.9676    1
38.9776    2
38.9876    4
38.9976    3
39.0076    0
39.0176    0
39.0276    5
39.0376    0
39.0476    2
39.0576    3
39.0676    0
39.0776    2
39.0876    1
39.0976    2
39.1076    3
39.1176    2
39.1276    2
39.1376    2
39.1476    1
39.1576    4
39.1676    7
39.1776    3
39.1876    1
39.1976    6
39.2076    2
39.2176    5
39.2276    5
39.2376    0
39.2476    1
39.2576    2
39.2676    3
39.2776    1
39.2876    3
39.2976    1
39.3076    4
39.3176    4
39.3276    2
39.3376    3
39.3476    2
39.3576    1
39.3676    1
39.3776    1
39.3876    3
39.3976    2
39.4076    3
39.4176    1
39.4276    4
39.4376    0
39.4476    1
39.4576    3
39.4676    1
39.4776    1
39.4876    4
39.4976    1
39.5077    2
39.5177    0
39.5277    4
39.5377    1
39.5477    1
39.5577    0
39.5677    1
39.5777    2
39.5877    2
39.5977    1
39.6077    2
39.6177    3
39.6277    3
39.6377    2
39.6477    0
39.6577    1
39.6677    4
39.6777    3
39.6877    0
39.6977    2
39.7077    0
39.7177    3
39.7277    3
39.7377    3
39.7477    1
39.7577    3
39.7677    5
39.7777    2
39.7877    1
39.7977    1
39.8077    6
39.8177    0
39.8277    3
39.8377    0
39.8477    6
39.8577    3
39.8677    1
39.8777    1
39.8877    3
39.8977    1
39.9077    1
39.9177    1
39.9277    1
39.9377    2
39.9477    3
39.9577    1
39.9677    2
39.9777    1
39.9877    0
39.9977    1
