Bruker Nano GmbH Berlin, Germany
esprit 1.9

Date: 05/10/2017 11:36:22 AM
Real time: 310610
Life time: 300294
Pulse density: 14433


Detector type: XFlash 430
Window type: Custom type
Detector thickness: 0.45
Si dead layer:0.029

Calibration, lin.: 10.001
Calibration, abs.: -956.396
Mn FWHM: 144.199
Fano factor: 0.116
Channels: 4096

Energy Counts
-0.9564    0
-0.9464    0
-0.9364    0
-0.9264    0
-0.9164    0
-0.9064    0
-0.8964    0
-0.8864    0
-0.8764    0
-0.8664    0
-0.8564    0
-0.8464    0
-0.8364    0
-0.8264    0
-0.8164    0
-0.8064    0
-0.7964    0
-0.7864    0
-0.7764    0
-0.7664    0
-0.7564    0
-0.7464    0
-0.7364    0
-0.7264    0
-0.7164    0
-0.7064    0
-0.6964    0
-0.6864    0
-0.6764    0
-0.6664    0
-0.6564    0
-0.6464    0
-0.6364    0
-0.6264    0
-0.6164    0
-0.6064    0
-0.5964    0
-0.5864    0
-0.5764    0
-0.5664    0
-0.5564    0
-0.5464    0
-0.5364    0
-0.5264    0
-0.5164    0
-0.5064    0
-0.4963    0
-0.4863    0
-0.4763    0
-0.4663    0
-0.4563    0
-0.4463    0
-0.4363    0
-0.4263    0
-0.4163    0
-0.4063    0
-0.3963    0
-0.3863    0
-0.3763    0
-0.3663    0
-0.3563    1
-0.3463    0
-0.3363    0
-0.3263    0
-0.3163    0
-0.3063    1
-0.2963    0
-0.2863    0
-0.2763    6
-0.2663    3
-0.2563    5
-0.2463    14
-0.2363    18
-0.2263    18
-0.2163    20
-0.2063    30
-0.1963    24
-0.1863    26
-0.1763    23
-0.1663    30
-0.1563    25
-0.1463    38
-0.1363    75
-0.1263    207
-0.1163    634
-0.1063    1766
-0.0963    4386
-0.0863    10709
-0.0763    23503
-0.0663    46425
-0.0563    83855
-0.0463    137073
-0.0363    204249
-0.0263    273327
-0.0163    332471
-0.0063    368391
0.0037    369288
0.0137    335242
0.0237    276044
0.0337    206492
0.0437    140171
0.0537    85943
0.0637    47994
0.0737    24271
0.0837    11119
0.0937    4660
0.1037    1775
0.1137    639
0.1237    206
0.1337    79
0.1437    32
0.1537    22
0.1637    22
0.1737    10
0.1837    7
0.1937    10
0.2037    6
0.2137    10
0.2237    8
0.2337    10
0.2437    6
0.2537    1
0.2637    5
0.2737    3
0.2837    2
0.2937    2
0.3037    0
0.3137    3
0.3237    3
0.3337    1
0.3437    0
0.3537    61
0.3637    500
0.3737    448
0.3837    422
0.3937    447
0.4037    406
0.4137    423
0.4237    441
0.4337    386
0.4437    361
0.4537    414
0.4637    391
0.4737    393
0.4837    371
0.4937    388
0.5038    371
0.5138    394
0.5238    384
0.5338    363
0.5438    376
0.5538    383
0.5638    389
0.5738    392
0.5838    392
0.5938    383
0.6038    370
0.6138    395
0.6238    386
0.6338    413
0.6438    345
0.6538    360
0.6638    378
0.6738    371
0.6838    407
0.6938    353
0.7038    370
0.7138    344
0.7238    347
0.7338    371
0.7438    367
0.7538    407
0.7638    377
0.7738    373
0.7838    357
0.7938    352
0.8038    417
0.8138    368
0.8238    362
0.8338    361
0.8438    384
0.8538    345
0.8638    380
0.8738    340
0.8838    362
0.8938    372
0.9038    348
0.9138    353
0.9238    361
0.9338    327
0.9438    336
0.9538    360
0.9638    338
0.9738    349
0.9838    345
0.9938    335
1.0038    308
1.0138    321
1.0238    309
1.0338    307
1.0438    297
1.0538    306
1.0638    311
1.0738    297
1.0838    274
1.0938    277
1.1038    278
1.1138    283
1.1238    256
1.1338    257
1.1438    265
1.1538    257
1.1638    274
1.1738    256
1.1838    243
1.1938    260
1.2038    238
1.2138    232
1.2238    233
1.2338    233
1.2438    221
1.2538    207
1.2638    228
1.2738    215
1.2838    223
1.2938    198
1.3038    189
1.3138    194
1.3238    201
1.3338    199
1.3438    178
1.3538    213
1.3638    169
1.3738    172
1.3838    201
1.3938    173
1.4038    150
1.4138    197
1.4238    174
1.4338    185
1.4438    176
1.4538    202
1.4638    190
1.4738    173
1.4838    188
1.4938    176
1.5039    156
1.5139    156
1.5239    165
1.5339    164
1.5439    142
1.5539    179
1.5639    157
1.5739    154
1.5839    150
1.5939    138
1.6039    141
1.6139    153
1.6239    144
1.6339    132
1.6439    158
1.6539    109
1.6639    133
1.6739    137
1.6839    141
1.6939    132
1.7039    121
1.7139    128
1.7239    143
1.7339    138
1.7439    146
1.7539    144
1.7639    126
1.7739    134
1.7839    146
1.7939    127
1.8039    149
1.8139    140
1.8239    106
1.8339    137
1.8439    138
1.8539    115
1.8639    126
1.8739    122
1.8839    152
1.8939    137
1.9039    119
1.9139    125
1.9239    129
1.9339    135
1.9439    156
1.9539    134
1.9639    120
1.9739    130
1.9839    131
1.9939    125
2.0039    116
2.0139    117
2.0239    129
2.0339    129
2.0439    139
2.0539    128
2.0639    133
2.0739    125
2.0839    134
2.0939    122
2.1039    125
2.1139    112
2.1239    123
2.1339    130
2.1439    121
2.1539    110
2.1639    121
2.1739    117
2.1839    108
2.1939    113
2.2039    136
2.2139    159
2.2239    154
2.2339    143
2.2439    150
2.2539    190
2.2639    179
2.2739    227
2.2839    205
2.2939    252
2.3039    250
2.3139    233
2.3239    252
2.3339    215
2.3439    235
2.3539    215
2.3639    200
2.3739    186
2.3839    209
2.3939    215
2.4039    198
2.4139    191
2.4239    191
2.4339    168
2.4439    164
2.4539    161
2.4639    161
2.4739    164
2.4839    133
2.4939    150
2.5040    136
2.5140    115
2.5240    129
2.5340    93
2.5440    109
2.5540    115
2.5640    97
2.5740    109
2.5840    113
2.5940    81
2.6040    93
2.6140    101
2.6240    104
2.6340    105
2.6440    94
2.6540    71
2.6640    88
2.6740    98
2.6840    98
2.6940    117
2.7040    96
2.7140    99
2.7240    87
2.7340    83
2.7440    91
2.7540    101
2.7640    96
2.7740    70
2.7840    76
2.7940    89
2.8040    75
2.8140    99
2.8240    72
2.8340    77
2.8440    93
2.8540    97
2.8640    87
2.8740    91
2.8840    69
2.8940    91
2.9040    89
2.9140    92
2.9240    93
2.9340    86
2.9440    92
2.9540    91
2.9640    97
2.9740    114
2.9840    101
2.9940    102
3.0040    93
3.0140    86
3.0240    82
3.0340    94
3.0440    80
3.0540    86
3.0640    82
3.0740    76
3.0840    91
3.0940    84
3.1040    75
3.1140    85
3.1240    68
3.1340    78
3.1440    59
3.1540    73
3.1640    82
3.1740    74
3.1840    77
3.1940    87
3.2040    74
3.2140    81
3.2240    79
3.2340    73
3.2440    81
3.2540    84
3.2640    85
3.2740    83
3.2840    73
3.2940    72
3.3040    63
3.3140    75
3.3240    71
3.3340    77
3.3440    79
3.3540    86
3.3640    81
3.3740    65
3.3840    68
3.3940    73
3.4040    78
3.4140    60
3.4240    75
3.4340    82
3.4440    87
3.4540    86
3.4640    63
3.4740    78
3.4840    66
3.4940    80
3.5041    85
3.5141    81
3.5241    72
3.5341    70
3.5441    65
3.5541    78
3.5641    69
3.5741    98
3.5841    73
3.5941    71
3.6041    83
3.6141    84
3.6241    101
3.6341    107
3.6441    116
3.6541    117
3.6641    92
3.6741    114
3.6841    115
3.6941    117
3.7041    122
3.7141    120
3.7241    117
3.7341    104
3.7441    122
3.7541    112
3.7641    102
3.7741    80
3.7841    71
3.7941    79
3.8041    67
3.8141    81
3.8241    73
3.8341    51
3.8441    54
3.8541    49
3.8641    68
3.8741    95
3.8841    62
3.8941    65
3.9041    71
3.9141    65
3.9241    74
3.9341    69
3.9441    93
3.9541    85
3.9641    72
3.9741    67
3.9841    78
3.9941    81
4.0041    58
4.0141    75
4.0241    76
4.0341    65
4.0441    81
4.0541    67
4.0641    76
4.0741    72
4.0841    64
4.0941    75
4.1041    70
4.1141    68
4.1241    68
4.1341    78
4.1441    58
4.1541    88
4.1641    63
4.1741    62
4.1841    66
4.1941    58
4.2041    58
4.2141    65
4.2241    75
4.2341    65
4.2441    68
4.2541    65
4.2641    76
4.2741    74
4.2841    75
4.2941    57
4.3041    73
4.3141    74
4.3241    63
4.3341    70
4.3441    71
4.3541    64
4.3641    64
4.3741    82
4.3841    80
4.3941    76
4.4041    68
4.4141    75
4.4241    78
4.4341    66
4.4441    77
4.4541    93
4.4641    65
4.4741    68
4.4841    73
4.4941    79
4.5042    72
4.5142    85
4.5242    75
4.5342    86
4.5442    81
4.5542    63
4.5642    90
4.5742    69
4.5842    74
4.5942    71
4.6042    83
4.6142    79
4.6242    96
4.6342    84
4.6442    75
4.6542    86
4.6642    84
4.6742    65
4.6842    90
4.6942    84
4.7042    91
4.7142    73
4.7242    99
4.7342    87
4.7442    91
4.7542    94
4.7642    85
4.7742    87
4.7842    91
4.7942    84
4.8042    93
4.8142    113
4.8242    92
4.8342    87
4.8442    80
4.8542    84
4.8642    83
4.8742    95
4.8842    89
4.8942    97
4.9042    101
4.9142    92
4.9242    100
4.9342    97
4.9442    102
4.9542    98
4.9642    90
4.9742    89
4.9842    108
4.9942    76
5.0042    118
5.0142    104
5.0242    102
5.0342    99
5.0442    104
5.0542    104
5.0642    106
5.0742    110
5.0842    109
5.0942    117
5.1042    117
5.1142    99
5.1242    118
5.1342    120
5.1442    101
5.1542    100
5.1642    108
5.1742    100
5.1842    113
5.1942    90
5.2042    88
5.2142    117
5.2242    129
5.2342    109
5.2442    136
5.2542    119
5.2642    119
5.2742    121
5.2842    108
5.2942    106
5.3042    127
5.3142    132
5.3242    133
5.3342    143
5.3442    132
5.3542    165
5.3642    142
5.3742    158
5.3842    145
5.3942    124
5.4042    138
5.4142    142
5.4242    158
5.4342    167
5.4442    153
5.4542    150
5.4642    146
5.4742    169
5.4842    149
5.4942    168
5.5043    152
5.5143    149
5.5243    162
5.5343    180
5.5443    143
5.5543    176
5.5643    152
5.5743    140
5.5843    176
5.5943    170
5.6043    166
5.6143    159
5.6243    194
5.6343    160
5.6443    168
5.6543    179
5.6643    196
5.6743    165
5.6843    179
5.6943    192
5.7043    187
5.7143    194
5.7243    179
5.7343    167
5.7443    182
5.7543    171
5.7643    200
5.7743    174
5.7843    200
5.7943    194
5.8043    218
5.8143    191
5.8243    192
5.8343    212
5.8443    215
5.8543    216
5.8643    218
5.8743    214
5.8843    242
5.8943    234
5.9043    229
5.9143    212
5.9243    255
5.9343    218
5.9443    223
5.9543    247
5.9643    221
5.9743    205
5.9843    234
5.9943    223
6.0043    240
6.0143    216
6.0243    245
6.0343    209
6.0443    272
6.0543    226
6.0643    232
6.0743    225
6.0843    242
6.0943    234
6.1043    250
6.1143    248
6.1243    226
6.1343    237
6.1443    253
6.1543    228
6.1643    239
6.1743    269
6.1843    270
6.1943    252
6.2043    271
6.2143    277
6.2243    303
6.2343    282
6.2443    298
6.2543    291
6.2643    313
6.2743    274
6.2843    297
6.2943    330
6.3043    316
6.3143    298
6.3243    324
6.3343    334
6.3443    301
6.3543    323
6.3643    327
6.3743    332
6.3843    344
6.3943    341
6.4043    331
6.4143    340
6.4243    366
6.4343    344
6.4443    357
6.4543    337
6.4643    369
6.4743    329
6.4843    347
6.4943    335
6.5044    351
6.5144    335
6.5244    301
6.5344    351
6.5444    336
6.5544    327
6.5644    331
6.5744    317
6.5844    329
6.5944    325
6.6044    338
6.6144    318
6.6244    336
6.6344    325
6.6444    323
6.6544    345
6.6644    319
6.6744    357
6.6844    353
6.6944    387
6.7044    336
6.7144    328
6.7244    342
6.7344    334
6.7444    360
6.7544    377
6.7644    378
6.7744    356
6.7844    359
6.7944    368
6.8044    383
6.8144    372
6.8244    378
6.8344    350
6.8444    376
6.8544    375
6.8644    372
6.8744    376
6.8844    375
6.8944    372
6.9044    393
6.9144    377
6.9244    388
6.9344    407
6.9444    414
6.9544    430
6.9644    391
6.9744    432
6.9844    407
6.9944    372
7.0044    395
7.0144    439
7.0244    444
7.0344    400
7.0444    426
7.0544    390
7.0644    352
7.0744    418
7.0844    414
7.0944    413
7.1044    416
7.1144    418
7.1244    450
7.1344    430
7.1444    383
7.1544    409
7.1644    411
7.1744    431
7.1844    398
7.1944    409
7.2044    430
7.2144    443
7.2244    443
7.2344    417
7.2444    421
7.2544    422
7.2644    465
7.2744    461
7.2844    465
7.2944    464
7.3044    473
7.3144    463
7.3244    481
7.3344    491
7.3444    556
7.3544    498
7.3644    542
7.3744    509
7.3844    555
7.3944    587
7.4044    622
7.4144    632
7.4244    699
7.4344    738
7.4444    739
7.4544    764
7.4644    742
7.4744    791
7.4844    762
7.4944    789
7.5045    747
7.5145    726
7.5245    694
7.5345    731
7.5445    657
7.5545    626
7.5645    686
7.5745    574
7.5845    588
7.5945    590
7.6045    583
7.6145    574
7.6245    510
7.6345    546
7.6445    562
7.6545    549
7.6645    581
7.6745    569
7.6845    570
7.6945    608
7.7045    581
7.7145    527
7.7245    567
7.7345    554
7.7445    560
7.7545    611
7.7645    610
7.7745    606
7.7845    597
7.7945    618
7.8045    616
7.8145    635
7.8245    609
7.8345    614
7.8445    640
7.8545    645
7.8645    599
7.8745    635
7.8845    644
7.8945    614
7.9045    662
7.9145    624
7.9245    643
7.9345    669
7.9445    684
7.9545    649
7.9645    638
7.9745    692
7.9845    644
7.9945    706
8.0045    674
8.0145    647
8.0245    700
8.0345    691
8.0445    672
8.0545    655
8.0645    718
8.0745    684
8.0845    713
8.0945    696
8.1045    734
8.1145    688
8.1245    749
8.1345    704
8.1445    785
8.1545    730
8.1645    705
8.1745    731
8.1845    725
8.1945    761
8.2045    730
8.2145    742
8.2245    758
8.2345    717
8.2445    761
8.2545    795
8.2645    856
8.2745    740
8.2845    776
8.2945    794
8.3045    772
8.3145    820
8.3245    771
8.3345    807
8.3445    811
8.3545    820
8.3645    854
8.3745    791
8.3845    723
8.3945    799
8.4045    834
8.4145    829
8.4245    816
8.4345    834
8.4445    844
8.4545    794
8.4645    840
8.4745    845
8.4845    843
8.4945    883
8.5046    836
8.5146    838
8.5246    799
8.5346    854
8.5446    885
8.5546    899
8.5646    868
8.5746    880
8.5846    875
8.5946    888
8.6046    928
8.6146    872
8.6246    898
8.6346    931
8.6446    875
8.6546    913
8.6646    931
8.6746    960
8.6846    895
8.6946    902
8.7046    945
8.7146    976
8.7246    938
8.7346    931
8.7446    922
8.7546    982
8.7646    958
8.7746    941
8.7846    972
8.7946    903
8.8046    963
8.8146    952
8.8246    984
8.8346    972
8.8446    1015
8.8546    972
8.8646    1036
8.8746    1045
8.8846    1003
8.8946    964
8.9046    1059
8.9146    1054
8.9246    1115
8.9346    1017
8.9446    1037
8.9546    1105
8.9646    1064
8.9746    1003
8.9846    1095
8.9946    1080
9.0046    1063
9.0146    1119
9.0246    1094
9.0346    1072
9.0446    1117
9.0546    1038
9.0646    1109
9.0746    1124
9.0846    1058
9.0946    1122
9.1046    1112
9.1146    1156
9.1246    1120
9.1346    1132
9.1446    1152
9.1546    1155
9.1646    1153
9.1746    1191
9.1846    1159
9.1946    1174
9.2046    1159
9.2146    1132
9.2246    1150
9.2346    1179
9.2446    1225
9.2546    1162
9.2646    1185
9.2746    1196
9.2846    1194
9.2946    1164
9.3046    1213
9.3146    1176
9.3246    1201
9.3346    1251
9.3446    1221
9.3546    1199
9.3646    1190
9.3746    1173
9.3846    1209
9.3946    1202
9.4046    1224
9.4146    1246
9.4246    1144
9.4346    1225
9.4446    1343
9.4546    1239
9.4646    1313
9.4746    1255
9.4846    1240
9.4946    1268
9.5047    1326
9.5147    1269
9.5247    1333
9.5347    1344
9.5447    1285
9.5547    1313
9.5647    1313
9.5747    1274
9.5847    1276
9.5947    1343
9.6047    1343
9.6147    1321
9.6247    1293
9.6347    1338
9.6447    1281
9.6547    1370
9.6647    1284
9.6747    1403
9.6847    1322
9.6947    1313
9.7047    1419
9.7147    1349
9.7247    1473
9.7347    1371
9.7447    1402
9.7547    1365
9.7647    1458
9.7747    1355
9.7847    1365
9.7947    1437
9.8047    1341
9.8147    1399
9.8247    1347
9.8347    1443
9.8447    1411
9.8547    1383
9.8647    1433
9.8747    1411
9.8847    1425
9.8947    1428
9.9047    1434
9.9147    1502
9.9247    1403
9.9347    1440
9.9447    1487
9.9547    1414
9.9647    1502
9.9747    1403
9.9847    1535
9.9947    1498
10.0047    1460
10.0147    1571
10.0247    1489
10.0347    1444
10.0447    1554
10.0547    1510
10.0647    1509
10.0747    1461
10.0847    1518
10.0947    1560
10.1047    1574
10.1147    1525
10.1247    1544
10.1347    1495
10.1447    1564
10.1547    1614
10.1647    1523
10.1747    1563
10.1847    1506
10.1947    1532
10.2047    1570
10.2147    1575
10.2247    1538
10.2347    1617
10.2447    1533
10.2547    1567
10.2647    1671
10.2747    1624
10.2847    1590
10.2947    1606
10.3047    1560
10.3147    1644
10.3247    1631
10.3347    1614
10.3447    1642
10.3547    1710
10.3647    1665
10.3747    1681
10.3847    1673
10.3947    1700
10.4047    1663
10.4147    1691
10.4247    1643
10.4347    1677
10.4447    1616
10.4547    1655
10.4647    1619
10.4747    1736
10.4847    1766
10.4947    1685
10.5048    1693
10.5148    1673
10.5248    1772
10.5348    1732
10.5448    1680
10.5548    1736
10.5648    1710
10.5748    1770
10.5848    1772
10.5948    1784
10.6048    1838
10.6148    1719
10.6248    1698
10.6348    1806
10.6448    1827
10.6548    1759
10.6648    1782
10.6748    1784
10.6848    1808
10.6948    1751
10.7048    1737
10.7148    1760
10.7248    1711
10.7348    1694
10.7448    1785
10.7548    1737
10.7648    1777
10.7748    1695
10.7848    1847
10.7948    1789
10.8048    1775
10.8148    1837
10.8248    1770
10.8348    1797
10.8448    1781
10.8548    1789
10.8648    1778
10.8748    1864
10.8848    1742
10.8948    1873
10.9048    1824
10.9148    1827
10.9248    1834
10.9348    1775
10.9448    1861
10.9548    1837
10.9648    1833
10.9748    1839
10.9848    1924
10.9948    1835
11.0048    1832
11.0148    1812
11.0248    1906
11.0348    1860
11.0448    1876
11.0548    1827
11.0648    1933
11.0748    1920
11.0848    1895
11.0948    1852
11.1048    1898
11.1148    1863
11.1248    1916
11.1348    1985
11.1448    1951
11.1548    1963
11.1648    1952
11.1748    1820
11.1848    1902
11.1948    1926
11.2048    1945
11.2148    1878
11.2248    1918
11.2348    1887
11.2448    1950
11.2548    1843
11.2648    1949
11.2748    1970
11.2848    1911
11.2948    1990
11.3048    2001
11.3148    2002
11.3248    2009
11.3348    2045
11.3448    2044
11.3548    1899
11.3648    1930
11.3748    1999
11.3848    1993
11.3948    2001
11.4048    1985
11.4148    1986
11.4248    1998
11.4348    2132
11.4448    2040
11.4548    1917
11.4648    1974
11.4748    2012
11.4848    2041
11.4948    2020
11.5049    2038
11.5149    2012
11.5249    2036
11.5349    1977
11.5449    2097
11.5549    2004
11.5649    2017
11.5749    1991
11.5849    2119
11.5949    2077
11.6049    2065
11.6149    2008
11.6249    2004
11.6349    2044
11.6449    2050
11.6549    2082
11.6649    2054
11.6749    2089
11.6849    2141
11.6949    2114
11.7049    2096
11.7149    1991
11.7249    2005
11.7349    2102
11.7449    2083
11.7549    2044
11.7649    2052
11.7749    2099
11.7849    2120
11.7949    2104
11.8049    2078
11.8149    2185
11.8249    2044
11.8349    2103
11.8449    2066
11.8549    2156
11.8649    2075
11.8749    2133
11.8849    2112
11.8949    2147
11.9049    2130
11.9149    2113
11.9249    2106
11.9349    2141
11.9449    2032
11.9549    2162
11.9649    2111
11.9749    2111
11.9849    2141
11.9949    2142
12.0049    2168
12.0149    2075
12.0249    2231
12.0349    2098
12.0449    2121
12.0549    2253
12.0649    2121
12.0749    2137
12.0849    2184
12.0949    2176
12.1049    2132
12.1149    2135
12.1249    2096
12.1349    2101
12.1449    2223
12.1549    2144
12.1649    2171
12.1749    2115
12.1849    2177
12.1949    2176
12.2049    2164
12.2149    2151
12.2249    2177
12.2349    2143
12.2449    2156
12.2549    2203
12.2649    2135
12.2749    2132
12.2849    2234
12.2949    2149
12.3049    2147
12.3149    2145
12.3249    2307
12.3349    2173
12.3449    2235
12.3549    2208
12.3649    2272
12.3749    2120
12.3849    2137
12.3949    2296
12.4049    2175
12.4149    2160
12.4249    2184
12.4349    2169
12.4449    2147
12.4549    2198
12.4649    2149
12.4749    2232
12.4849    2236
12.4949    2247
12.5050    2168
12.5150    2227
12.5250    2198
12.5350    2163
12.5450    2307
12.5550    2176
12.5650    2194
12.5750    2215
12.5850    2254
12.5950    2172
12.6050    2247
12.6150    2271
12.6250    2209
12.6350    2171
12.6450    2141
12.6550    2284
12.6650    2323
12.6750    2284
12.6850    2135
12.6950    2239
12.7050    2262
12.7150    2300
12.7250    2212
12.7350    2229
12.7450    2201
12.7550    2247
12.7650    2255
12.7750    2207
12.7850    2242
12.7950    2283
12.8050    2221
12.8150    2150
12.8250    2235
12.8350    2172
12.8450    2291
12.8550    2214
12.8650    2207
12.8750    2218
12.8850    2244
12.8950    2231
12.9050    2322
12.9150    2236
12.9250    2219
12.9350    2260
12.9450    2183
12.9550    2147
12.9650    2266
12.9750    2241
12.9850    2208
12.9950    2237
13.0050    2235
13.0150    2240
13.0250    2308
13.0350    2265
13.0450    2243
13.0550    2230
13.0650    2263
13.0750    2280
13.0850    2219
13.0950    2291
13.1050    2141
13.1150    2228
13.1250    2252
13.1350    2127
13.1450    2182
13.1550    2227
13.1650    2323
13.1750    2249
13.1850    2275
13.1950    2257
13.2050    2245
13.2150    2273
13.2250    2183
13.2350    2303
13.2450    2318
13.2550    2240
13.2650    2229
13.2750    2242
13.2850    2259
13.2950    2268
13.3050    2195
13.3150    2180
13.3250    2238
13.3350    2311
13.3450    2255
13.3550    2256
13.3650    2276
13.3750    2266
13.3850    2266
13.3950    2170
13.4050    2251
13.4150    2287
13.4250    2201
13.4350    2262
13.4450    2205
13.4550    2259
13.4650    2262
13.4750    2237
13.4850    2266
13.4950    2220
13.5051    2205
13.5151    2187
13.5251    2281
13.5351    2275
13.5451    2096
13.5551    2230
13.5651    2331
13.5751    2260
13.5851    2204
13.5951    2262
13.6051    2280
13.6151    2256
13.6251    2247
13.6351    2281
13.6451    2312
13.6551    2230
13.6651    2265
13.6751    2260
13.6851    2215
13.6951    2280
13.7051    2214
13.7151    2286
13.7251    2221
13.7351    2329
13.7451    2194
13.7551    2277
13.7651    2332
13.7751    2309
13.7851    2366
13.7951    2321
13.8051    2190
13.8151    2239
13.8251    2270
13.8351    2270
13.8451    2209
13.8551    2235
13.8651    2313
13.8751    2219
13.8851    2244
13.8951    2248
13.9051    2263
13.9151    2257
13.9251    2395
13.9351    2216
13.9451    2283
13.9551    2271
13.9651    2370
13.9751    2282
13.9851    2233
13.9951    2278
14.0051    2266
14.0151    2265
14.0251    2242
14.0351    2215
14.0451    2286
14.0551    2263
14.0651    2260
14.0751    2334
14.0851    2271
14.0951    2242
14.1051    2282
14.1151    2222
14.1251    2247
14.1351    2200
14.1451    2211
14.1551    2279
14.1651    2323
14.1751    2257
14.1851    2240
14.1951    2180
14.2051    2199
14.2151    2248
14.2251    2289
14.2351    2250
14.2451    2221
14.2551    2178
14.2651    2350
14.2751    2262
14.2851    2230
14.2951    2273
14.3051    2223
14.3151    2298
14.3251    2247
14.3351    2148
14.3451    2278
14.3551    2236
14.3651    2210
14.3751    2225
14.3851    2226
14.3951    2262
14.4051    2308
14.4151    2216
14.4251    2257
14.4351    2223
14.4451    2340
14.4551    2264
14.4651    2212
14.4751    2223
14.4851    2283
14.4951    2200
14.5052    2234
14.5152    2240
14.5252    2281
14.5352    2215
14.5452    2311
14.5552    2197
14.5652    2313
14.5752    2311
14.5852    2258
14.5952    2275
14.6052    2262
14.6152    2277
14.6252    2262
14.6352    2295
14.6452    2293
14.6552    2346
14.6652    2300
14.6752    2289
14.6852    2361
14.6952    2236
14.7052    2274
14.7152    2329
14.7252    2301
14.7352    2313
14.7452    2315
14.7552    2311
14.7652    2284
14.7752    2301
14.7852    2334
14.7952    2277
14.8052    2341
14.8152    2441
14.8252    2376
14.8352    2308
14.8452    2433
14.8552    2366
14.8652    2242
14.8752    2365
14.8852    2323
14.8952    2342
14.9052    2376
14.9152    2342
14.9252    2282
14.9352    2387
14.9452    2274
14.9552    2324
14.9652    2421
14.9752    2338
14.9852    2361
14.9952    2450
15.0052    2422
15.0152    2458
15.0252    2286
15.0352    2441
15.0452    2437
15.0552    2418
15.0652    2370
15.0752    2336
15.0852    2411
15.0952    2361
15.1052    2427
15.1152    2441
15.1252    2395
15.1352    2517
15.1452    2442
15.1552    2474
15.1652    2417
15.1752    2410
15.1852    2418
15.1952    2471
15.2052    2459
15.2152    2487
15.2252    2495
15.2352    2489
15.2452    2495
15.2552    2565
15.2652    2492
15.2752    2547
15.2852    2507
15.2952    2659
15.3052    2691
15.3152    2433
15.3252    2654
15.3352    2600
15.3452    2618
15.3552    2594
15.3652    2575
15.3752    2596
15.3852    2611
15.3952    2658
15.4052    2656
15.4152    2636
15.4252    2729
15.4352    2802
15.4452    2702
15.4552    2657
15.4652    2744
15.4752    2812
15.4852    2844
15.4952    2825
15.5053    2819
15.5153    2941
15.5253    2848
15.5353    2873
15.5453    2837
15.5553    2919
15.5653    2968
15.5753    3027
15.5853    3045
15.5953    3109
15.6053    3039
15.6153    3091
15.6253    3068
15.6353    3121
15.6453    3102
15.6553    3088
15.6653    3312
15.6753    3302
15.6853    3324
15.6953    3324
15.7053    3303
15.7153    3332
15.7253    3355
15.7353    3541
15.7453    3554
15.7553    3422
15.7653    3524
15.7753    3512
15.7853    3650
15.7953    3636
15.8053    3810
15.8153    3734
15.8253    3828
15.8353    3761
15.8453    3802
15.8553    4109
15.8653    3957
15.8753    4052
15.8853    4217
15.8953    4175
15.9053    4240
15.9153    4314
15.9253    4376
15.9353    4390
15.9453    4527
15.9553    4581
15.9653    4661
15.9753    4725
15.9853    4781
15.9953    4955
16.0053    5114
16.0153    5187
16.0253    5312
16.0353    5388
16.0453    5715
16.0553    5750
16.0653    5720
16.0753    5971
16.0853    6309
16.0953    6287
16.1053    6615
16.1153    6798
16.1253    7044
16.1353    7479
16.1453    7697
16.1553    8101
16.1653    8233
16.1753    8689
16.1853    9169
16.1953    9511
16.2053    9845
16.2153    10249
16.2253    11031
16.2353    11060
16.2453    11722
16.2553    12209
16.2653    12728
16.2753    13237
16.2853    14002
16.2953    14465
16.3053    14814
16.3153    15557
16.3253    16157
16.3353    16580
16.3453    17274
16.3553    17870
16.3653    18609
16.3753    19066
16.3853    19574
16.3953    20075
16.4053    20578
16.4153    21152
16.4253    21645
16.4353    21630
16.4453    22032
16.4553    22547
16.4653    22985
16.4753    23159
16.4853    23391
16.4953    23616
16.5054    23536
16.5154    23853
16.5254    23682
16.5354    23420
16.5454    23273
16.5554    23385
16.5654    23089
16.5754    22766
16.5854    22513
16.5954    22477
16.6054    21789
16.6154    21719
16.6254    21232
16.6354    20768
16.6454    20255
16.6554    19801
16.6654    19237
16.6754    18616
16.6854    17787
16.6954    17355
16.7054    16911
16.7154    16154
16.7254    15521
16.7354    14709
16.7454    14403
16.7554    13792
16.7654    13240
16.7754    12604
16.7854    11952
16.7954    11599
16.8054    10992
16.8154    10588
16.8254    9926
16.8354    9567
16.8454    8927
16.8554    8747
16.8654    8249
16.8754    7837
16.8854    7652
16.8954    7306
16.9054    6851
16.9154    6582
16.9254    6223
16.9354    6075
16.9454    5814
16.9554    5526
16.9654    5183
16.9754    4972
16.9854    4840
16.9954    4833
17.0054    4668
17.0154    4439
17.0254    4179
17.0354    4054
17.0454    4017
17.0554    3875
17.0654    3695
17.0754    3662
17.0854    3617
17.0954    3509
17.1054    3277
17.1154    3301
17.1254    3304
17.1354    3321
17.1454    3228
17.1554    3150
17.1654    3189
17.1754    3148
17.1854    3143
17.1954    3100
17.2054    3170
17.2154    3300
17.2254    3294
17.2354    3435
17.2454    3545
17.2554    3674
17.2654    3799
17.2754    4128
17.2854    4271
17.2954    4683
17.3054    4778
17.3154    5002
17.3254    5288
17.3354    5414
17.3454    5987
17.3554    6053
17.3654    6549
17.3754    6688
17.3854    6902
17.3954    7250
17.4054    7425
17.4154    7641
17.4254    7722
17.4354    7783
17.4454    7689
17.4554    7975
17.4654    7735
17.4754    7628
17.4854    7480
17.4954    7407
17.5055    7068
17.5155    6764
17.5255    6489
17.5355    6204
17.5455    5840
17.5555    5519
17.5655    5074
17.5755    4804
17.5855    4366
17.5955    4132
17.6055    3914
17.6155    3444
17.6255    3305
17.6355    3040
17.6455    2836
17.6555    2737
17.6655    2547
17.6755    2436
17.6855    2282
17.6955    2287
17.7055    2155
17.7155    2072
17.7255    2013
17.7355    2075
17.7455    1972
17.7555    1887
17.7655    1888
17.7755    1949
17.7855    1938
17.7955    1879
17.8055    1954
17.8155    1860
17.8255    1887
17.8355    1979
17.8455    1984
17.8555    1977
17.8655    1947
17.8755    2017
17.8855    2034
17.8955    2037
17.9055    1982
17.9155    2034
17.9255    2069
17.9355    2063
17.9455    2096
17.9555    2049
17.9655    2123
17.9755    2106
17.9855    2172
17.9955    2202
18.0055    2260
18.0155    2201
18.0255    2304
18.0355    2248
18.0455    2290
18.0555    2379
18.0655    2355
18.0755    2520
18.0855    2621
18.0955    2530
18.1055    2630
18.1155    2671
18.1255    2767
18.1355    2780
18.1455    2940
18.1555    2887
18.1655    2999
18.1755    3062
18.1855    3177
18.1955    3266
18.2055    3343
18.2155    3412
18.2255    3482
18.2355    3561
18.2455    3636
18.2555    3740
18.2655    3763
18.2755    3901
18.2855    3873
18.2955    4006
18.3055    3996
18.3155    4027
18.3255    4196
18.3355    4205
18.3455    4297
18.3555    4381
18.3655    4472
18.3755    4475
18.3855    4574
18.3955    4706
18.4055    4435
18.4155    4716
18.4255    4494
18.4355    4742
18.4455    4537
18.4555    4522
18.4655    4632
18.4755    4545
18.4855    4683
18.4955    4620
18.5056    4421
18.5156    4384
18.5256    4362
18.5356    4267
18.5456    4243
18.5556    4312
18.5656    4194
18.5756    4139
18.5856    4042
18.5956    4066
18.6056    4002
18.6156    3914
18.6256    3794
18.6356    3736
18.6456    3680
18.6556    3462
18.6656    3425
18.6756    3414
18.6856    3279
18.6956    3153
18.7056    3108
18.7156    3080
18.7256    3010
18.7356    2783
18.7456    2826
18.7556    2663
18.7656    2716
18.7756    2505
18.7856    2487
18.7956    2378
18.8056    2437
18.8156    2316
18.8256    2300
18.8356    2226
18.8456    2077
18.8556    2114
18.8656    1987
18.8756    2001
18.8856    1910
18.8956    1913
18.9056    1842
18.9156    1725
18.9256    1769
18.9356    1760
18.9456    1640
18.9556    1628
18.9656    1588
18.9756    1549
18.9856    1527
18.9956    1389
19.0056    1464
19.0156    1330
19.0256    1356
19.0356    1381
19.0456    1378
19.0556    1213
19.0656    1182
19.0756    1271
19.0856    1192
19.0956    1118
19.1056    1138
19.1156    1122
19.1256    1090
19.1356    1022
19.1456    1053
19.1556    1112
19.1656    1006
19.1756    1059
19.1856    998
19.1956    983
19.2056    957
19.2156    951
19.2256    977
19.2356    902
19.2456    833
19.2556    865
19.2656    930
19.2756    842
19.2856    857
19.2956    820
19.3056    819
19.3156    878
19.3256    829
19.3356    834
19.3456    876
19.3556    873
19.3656    850
19.3756    830
19.3856    830
19.3956    856
19.4056    917
19.4156    871
19.4256    903
19.4356    951
19.4456    977
19.4556    946
19.4656    1016
19.4756    1060
19.4856    1109
19.4956    1147
19.5057    1134
19.5157    1214
19.5257    1262
19.5357    1213
19.5457    1272
19.5557    1351
19.5657    1369
19.5757    1397
19.5857    1426
19.5957    1468
19.6057    1384
19.6157    1313
19.6257    1303
19.6357    1311
19.6457    1364
19.6557    1231
19.6657    1215
19.6757    1277
19.6857    1136
19.6957    1133
19.7057    1040
19.7157    1102
19.7257    1011
19.7357    968
19.7457    925
19.7557    886
19.7657    788
19.7757    812
19.7857    791
19.7957    756
19.8057    780
19.8157    719
19.8257    754
19.8357    719
19.8457    737
19.8557    713
19.8657    714
19.8757    737
19.8857    683
19.8957    688
19.9057    698
19.9157    645
19.9257    705
19.9357    717
19.9457    729
19.9557    680
19.9657    664
19.9757    752
19.9857    677
19.9957    687
20.0057    672
20.0157    663
20.0257    671
20.0357    658
20.0457    644
20.0557    683
20.0657    633
20.0757    611
20.0857    589
20.0957    578
20.1057    606
20.1157    594
20.1257    587
20.1357    573
20.1457    554
20.1557    581
20.1657    602
20.1757    560
20.1857    564
20.1957    547
20.2057    602
20.2157    529
20.2257    582
20.2357    540
20.2457    577
20.2557    569
20.2657    576
20.2757    586
20.2857    547
20.2957    541
20.3057    538
20.3157    564
20.3257    519
20.3357    559
20.3457    552
20.3557    525
20.3657    513
20.3757    534
20.3857    565
20.3957    546
20.4057    571
20.4157    567
20.4257    561
20.4357    513
20.4457    563
20.4557    492
20.4657    580
20.4757    562
20.4857    555
20.4957    538
20.5058    554
20.5158    588
20.5258    488
20.5358    524
20.5458    537
20.5558    557
20.5658    568
20.5758    511
20.5858    519
20.5958    523
20.6058    495
20.6158    500
20.6258    537
20.6358    545
20.6458    556
20.6558    548
20.6658    502
20.6758    554
20.6858    533
20.6958    545
20.7058    559
20.7158    497
20.7258    517
20.7358    542
20.7458    483
20.7558    545
20.7658    510
20.7758    486
20.7858    540
20.7958    518
20.8058    525
20.8158    512
20.8258    550
20.8358    518
20.8458    477
20.8558    515
20.8658    500
20.8758    521
20.8858    521
20.8958    536
20.9058    523
20.9158    491
20.9258    579
20.9358    510
20.9458    490
20.9558    475
20.9658    487
20.9758    506
20.9858    478
20.9958    533
21.0058    470
21.0158    509
21.0258    492
21.0358    498
21.0458    555
21.0558    512
21.0658    511
21.0758    524
21.0858    486
21.0958    502
21.1058    498
21.1158    529
21.1258    511
21.1358    527
21.1458    476
21.1558    511
21.1658    471
21.1758    482
21.1858    529
21.1958    435
21.2058    550
21.2158    505
21.2258    508
21.2358    516
21.2458    510
21.2558    487
21.2658    460
21.2758    517
21.2858    470
21.2958    527
21.3058    506
21.3158    449
21.3258    504
21.3358    500
21.3458    451
21.3558    460
21.3658    520
21.3758    444
21.3858    506
21.3958    486
21.4058    536
21.4158    489
21.4258    485
21.4358    488
21.4458    530
21.4558    448
21.4658    489
21.4758    482
21.4858    491
21.4958    504
21.5059    467
21.5159    470
21.5259    513
21.5359    494
21.5459    446
21.5559    488
21.5659    489
21.5759    501
21.5859    436
21.5959    484
21.6059    483
21.6159    493
21.6259    474
21.6359    495
21.6459    484
21.6559    459
21.6659    437
21.6759    432
21.6859    445
21.6959    514
21.7059    484
21.7159    501
21.7259    477
21.7359    480
21.7459    453
21.7559    459
21.7659    466
21.7759    470
21.7859    450
21.7959    460
21.8059    450
21.8159    468
21.8259    447
21.8359    470
21.8459    451
21.8559    484
21.8659    444
21.8759    452
21.8859    438
21.8959    462
21.9059    489
21.9159    485
21.9259    490
21.9359    449
21.9459    438
21.9559    469
21.9659    468
21.9759    426
21.9859    429
21.9959    478
22.0059    467
22.0159    449
22.0259    422
22.0359    446
22.0459    457
22.0559    477
22.0659    447
22.0759    440
22.0859    442
22.0959    478
22.1059    487
22.1159    447
22.1259    428
22.1359    439
22.1459    460
22.1559    453
22.1659    443
22.1759    474
22.1859    465
22.1959    399
22.2059    474
22.2159    429
22.2259    492
22.2359    429
22.2459    448
22.2559    454
22.2659    449
22.2759    462
22.2859    444
22.2959    419
22.3059    435
22.3159    419
22.3259    464
22.3359    462
22.3459    442
22.3559    460
22.3659    455
22.3759    449
22.3859    447
22.3959    438
22.4059    456
22.4159    434
22.4259    426
22.4359    461
22.4459    437
22.4559    439
22.4659    421
22.4759    449
22.4859    425
22.4959    451
22.5060    453
22.5160    425
22.5260    404
22.5360    424
22.5460    427
22.5560    414
22.5660    395
22.5760    470
22.5860    449
22.5960    471
22.6060    440
22.6160    448
22.6260    429
22.6360    429
22.6460    443
22.6560    438
22.6660    438
22.6760    444
22.6860    378
22.6960    468
22.7060    421
22.7160    439
22.7260    432
22.7360    414
22.7460    449
22.7560    415
22.7660    438
22.7760    415
22.7860    445
22.7960    399
22.8060    407
22.8160    413
22.8260    403
22.8360    416
22.8460    405
22.8560    403
22.8660    405
22.8760    378
22.8860    439
22.8960    383
22.9060    443
22.9160    432
22.9260    421
22.9360    402
22.9460    435
22.9560    399
22.9660    428
22.9760    424
22.9860    427
22.9960    459
23.0060    417
23.0160    433
23.0260    439
23.0360    401
23.0460    396
23.0560    378
23.0660    408
23.0760    382
23.0860    436
23.0960    412
23.1060    369
23.1160    392
23.1260    402
23.1360    412
23.1460    408
23.1560    386
23.1660    380
23.1760    382
23.1860    404
23.1960    396
23.2060    399
23.2160    410
23.2260    424
23.2360    376
23.2460    369
23.2560    404
23.2660    392
23.2760    392
23.2860    419
23.2960    409
23.3060    382
23.3160    397
23.3260    328
23.3360    417
23.3460    409
23.3560    366
23.3660    360
23.3760    385
23.3860    365
23.3960    380
23.4060    390
23.4160    385
23.4260    420
23.4360    368
23.4460    399
23.4560    390
23.4660    383
23.4760    402
23.4860    371
23.4960    409
23.5061    399
23.5161    388
23.5261    375
23.5361    416
23.5461    434
23.5561    411
23.5661    357
23.5761    394
23.5861    339
23.5961    371
23.6061    399
23.6161    357
23.6261    394
23.6361    334
23.6461    338
23.6561    389
23.6661    401
23.6761    414
23.6861    413
23.6961    350
23.7061    367
23.7161    357
23.7261    358
23.7361    380
23.7461    314
23.7561    363
23.7661    335
23.7761    391
23.7861    371
23.7961    394
23.8061    381
23.8161    392
23.8261    381
23.8361    367
23.8461    368
23.8561    371
23.8661    384
23.8761    346
23.8861    357
23.8961    375
23.9061    321
23.9161    377
23.9261    336
23.9361    368
23.9461    367
23.9561    399
23.9661    364
23.9761    363
23.9861    333
23.9961    370
24.0061    355
24.0161    340
24.0261    388
24.0361    392
24.0461    327
24.0561    353
24.0661    359
24.0761    361
24.0861    347
24.0961    359
24.1061    350
24.1161    339
24.1261    368
24.1361    342
24.1461    375
24.1561    322
24.1661    346
24.1761    369
24.1861    319
24.1961    347
24.2061    320
24.2161    347
24.2261    372
24.2361    338
24.2461    333
24.2561    319
24.2661    355
24.2761    346
24.2861    352
24.2961    364
24.3061    330
24.3161    326
24.3261    350
24.3361    301
24.3461    343
24.3561    315
24.3661    340
24.3761    327
24.3861    315
24.3961    350
24.4061    350
24.4161    331
24.4261    356
24.4361    333
24.4461    294
24.4561    344
24.4661    315
24.4761    359
24.4861    336
24.4961    345
24.5062    350
24.5162    332
24.5262    333
24.5362    318
24.5462    343
24.5562    331
24.5662    331
24.5762    323
24.5862    346
24.5962    297
24.6062    288
24.6162    340
24.6262    313
24.6362    302
24.6462    328
24.6562    346
24.6662    302
24.6762    320
24.6862    353
24.6962    290
24.7062    337
24.7162    324
24.7262    293
24.7362    320
24.7462    324
24.7562    309
24.7662    306
24.7762    330
24.7862    324
24.7962    348
24.8062    295
24.8162    343
24.8262    308
24.8362    302
24.8462    345
24.8562    334
24.8662    332
24.8762    338
24.8862    328
24.8962    363
24.9062    318
24.9162    301
24.9262    343
24.9362    308
24.9462    313
24.9562    306
24.9662    345
24.9762    331
24.9862    345
24.9962    324
25.0062    286
25.0162    300
25.0262    299
25.0362    330
25.0462    319
25.0562    320
25.0662    295
25.0762    301
25.0862    328
25.0962    329
25.1062    327
25.1162    303
25.1262    332
25.1362    309
25.1462    320
25.1562    307
25.1662    326
25.1762    300
25.1862    306
25.1962    318
25.2062    309
25.2162    321
25.2262    300
25.2362    330
25.2462    302
25.2562    330
25.2662    327
25.2762    297
25.2862    317
25.2962    317
25.3062    315
25.3162    296
25.3262    290
25.3362    321
25.3462    330
25.3562    316
25.3662    290
25.3762    313
25.3862    313
25.3962    290
25.4062    265
25.4162    287
25.4262    326
25.4362    334
25.4462    287
25.4562    272
25.4662    292
25.4762    281
25.4862    274
25.4962    287
25.5063    314
25.5163    271
25.5263    316
25.5363    299
25.5463    264
25.5563    302
25.5663    293
25.5763    272
25.5863    271
25.5963    287
25.6063    306
25.6163    298
25.6263    269
25.6363    319
25.6463    307
25.6563    305
25.6663    259
25.6763    298
25.6863    259
25.6963    305
25.7063    281
25.7163    292
25.7263    287
25.7363    256
25.7463    300
25.7563    314
25.7663    291
25.7763    288
25.7863    302
25.7963    295
25.8063    259
25.8163    283
25.8263    291
25.8363    292
25.8463    256
25.8563    278
25.8663    286
25.8763    265
25.8863    285
25.8963    306
25.9063    271
25.9163    281
25.9263    286
25.9363    256
25.9463    279
25.9563    262
25.9663    258
25.9763    297
25.9863    298
25.9963    290
26.0063    271
26.0163    280
26.0263    277
26.0363    297
26.0463    282
26.0563    303
26.0663    282
26.0763    274
26.0863    254
26.0963    291
26.1063    269
26.1163    276
26.1263    225
26.1363    266
26.1463    269
26.1563    254
26.1663    264
26.1763    258
26.1863    272
26.1963    256
26.2063    268
26.2163    254
26.2263    267
26.2363    273
26.2463    267
26.2563    275
26.2663    318
26.2763    256
26.2863    271
26.2963    245
26.3063    264
26.3163    270
26.3263    300
26.3363    276
26.3463    265
26.3563    275
26.3663    279
26.3763    237
26.3863    270
26.3963    252
26.4063    279
26.4163    249
26.4263    281
26.4363    255
26.4463    240
26.4563    287
26.4663    271
26.4763    244
26.4863    277
26.4963    271
26.5064    276
26.5164    271
26.5264    243
26.5364    249
26.5464    259
26.5564    230
26.5664    253
26.5764    255
26.5864    260
26.5964    260
26.6064    246
26.6164    251
26.6264    282
26.6364    227
26.6464    235
26.6564    228
26.6664    260
26.6764    245
26.6864    248
26.6964    248
26.7064    246
26.7164    241
26.7264    231
26.7364    254
26.7464    267
26.7564    230
26.7664    217
26.7764    249
26.7864    258
26.7964    237
26.8064    245
26.8164    230
26.8264    233
26.8364    231
26.8464    238
26.8564    244
26.8664    245
26.8764    222
26.8864    248
26.8964    214
26.9064    242
26.9164    209
26.9264    255
26.9364    244
26.9464    245
26.9564    246
26.9664    259
26.9764    279
26.9864    249
26.9964    235
27.0064    246
27.0164    246
27.0264    226
27.0364    224
27.0464    227
27.0564    258
27.0664    253
27.0764    217
27.0864    234
27.0964    230
27.1064    234
27.1164    221
27.1264    258
27.1364    221
27.1464    238
27.1564    244
27.1664    229
27.1764    252
27.1864    242
27.1964    237
27.2064    227
27.2164    223
27.2264    252
27.2364    240
27.2464    239
27.2564    245
27.2664    249
27.2764    217
27.2864    230
27.2964    230
27.3064    225
27.3164    231
27.3264    252
27.3364    255
27.3464    229
27.3564    221
27.3664    216
27.3764    255
27.3864    238
27.3964    246
27.4064    212
27.4164    246
27.4264    234
27.4364    233
27.4464    215
27.4564    251
27.4664    249
27.4764    244
27.4864    230
27.4964    246
27.5065    247
27.5165    262
27.5265    235
27.5365    242
27.5465    241
27.5565    224
27.5665    220
27.5765    216
27.5865    212
27.5965    217
27.6065    224
27.6165    242
27.6265    206
27.6365    225
27.6465    225
27.6565    217
27.6665    229
27.6765    235
27.6865    187
27.6965    219
27.7065    212
27.7165    210
27.7265    235
27.7365    228
27.7465    233
27.7565    225
27.7665    199
27.7765    231
27.7865    197
27.7965    189
27.8065    215
27.8165    203
27.8265    220
27.8365    206
27.8465    217
27.8565    211
27.8665    199
27.8765    207
27.8865    211
27.8965    211
27.9065    221
27.9165    196
27.9265    217
27.9365    241
27.9465    189
27.9565    218
27.9665    207
27.9765    236
27.9865    215
27.9965    203
28.0065    210
28.0165    212
28.0265    210
28.0365    220
28.0465    169
28.0565    206
28.0665    207
28.0765    231
28.0865    212
28.0965    198
28.1065    231
28.1165    183
28.1265    210
28.1365    177
28.1465    198
28.1565    208
28.1665    195
28.1765    219
28.1865    199
28.1965    206
28.2065    222
28.2165    222
28.2265    206
28.2365    207
28.2465    237
28.2565    205
28.2665    210
28.2765    205
28.2865    208
28.2965    197
28.3065    198
28.3165    198
28.3265    189
28.3365    197
28.3465    212
28.3565    193
28.3665    190
28.3765    178
28.3865    200
28.3965    169
28.4065    182
28.4165    201
28.4265    195
28.4365    157
28.4465    194
28.4565    214
28.4665    202
28.4765    167
28.4865    183
28.4965    181
28.5066    222
28.5166    193
28.5266    199
28.5366    177
28.5466    204
28.5566    198
28.5666    191
28.5766    191
28.5866    173
28.5966    151
28.6066    202
28.6166    183
28.6266    194
28.6366    189
28.6466    174
28.6566    181
28.6666    192
28.6766    194
28.6866    175
28.6966    178
28.7066    184
28.7166    197
28.7266    197
28.7366    191
28.7466    193
28.7566    188
28.7666    178
28.7766    182
28.7866    185
28.7966    153
28.8066    203
28.8166    197
28.8266    193
28.8366    176
28.8466    196
28.8566    202
28.8666    167
28.8766    185
28.8866    156
28.8966    174
28.9066    174
28.9166    192
28.9266    192
28.9366    165
28.9466    171
28.9566    179
28.9666    165
28.9766    175
28.9866    200
28.9966    192
29.0066    149
29.0166    197
29.0266    203
29.0366    161
29.0466    182
29.0566    172
29.0666    194
29.0766    181
29.0866    167
29.0966    183
29.1066    189
29.1166    173
29.1266    193
29.1366    184
29.1466    200
29.1566    170
29.1666    196
29.1766    164
29.1866    191
29.1966    162
29.2066    144
29.2166    206
29.2266    191
29.2366    165
29.2466    173
29.2566    177
29.2666    184
29.2766    170
29.2866    178
29.2966    178
29.3066    188
29.3166    191
29.3266    189
29.3366    156
29.3466    192
29.3566    159
29.3666    158
29.3766    179
29.3866    150
29.3966    142
29.4066    178
29.4166    169
29.4266    168
29.4366    150
29.4466    176
29.4566    157
29.4666    203
29.4766    179
29.4866    160
29.4966    144
29.5067    175
29.5167    171
29.5267    169
29.5367    179
29.5467    161
29.5567    160
29.5667    137
29.5767    156
29.5867    166
29.5967    162
29.6067    169
29.6167    154
29.6267    156
29.6367    158
29.6467    167
29.6567    155
29.6667    165
29.6767    160
29.6867    164
29.6967    156
29.7067    152
29.7167    174
29.7267    169
29.7367    158
29.7467    160
29.7567    176
29.7667    152
29.7767    163
29.7867    150
29.7967    171
29.8067    149
29.8167    169
29.8267    166
29.8367    157
29.8467    173
29.8567    167
29.8667    140
29.8767    150
29.8867    148
29.8967    161
29.9067    157
29.9167    144
29.9267    150
29.9367    177
29.9467    168
29.9567    165
29.9667    163
29.9767    160
29.9867    164
29.9967    138
30.0067    148
30.0167    150
30.0267    151
30.0367    181
30.0467    184
30.0567    188
30.0667    144
30.0767    152
30.0867    148
30.0967    156
30.1067    156
30.1167    138
30.1267    151
30.1367    157
30.1467    142
30.1567    130
30.1667    142
30.1767    151
30.1867    156
30.1967    149
30.2067    158
30.2167    156
30.2267    157
30.2367    146
30.2467    158
30.2567    143
30.2667    157
30.2767    181
30.2867    155
30.2967    125
30.3067    138
30.3167    124
30.3267    139
30.3367    153
30.3467    153
30.3567    143
30.3667    165
30.3767    141
30.3867    139
30.3967    138
30.4067    142
30.4167    129
30.4267    144
30.4367    124
30.4467    159
30.4567    155
30.4667    131
30.4767    130
30.4867    159
30.4967    146
30.5068    118
30.5168    149
30.5268    126
30.5368    132
30.5468    147
30.5568    154
30.5668    150
30.5768    130
30.5868    155
30.5968    136
30.6068    148
30.6168    147
30.6268    143
30.6368    140
30.6468    142
30.6568    146
30.6668    135
30.6768    154
30.6868    135
30.6968    156
30.7068    150
30.7168    134
30.7268    134
30.7368    127
30.7468    142
30.7568    127
30.7668    138
30.7768    143
30.7868    149
30.7968    152
30.8068    124
30.8168    132
30.8268    127
30.8368    140
30.8468    139
30.8568    129
30.8668    142
30.8768    126
30.8868    138
30.8968    138
30.9068    122
30.9168    125
30.9268    133
30.9368    124
30.9468    159
30.9568    142
30.9668    126
30.9768    140
30.9868    119
30.9968    141
31.0068    126
31.0168    124
31.0268    127
31.0368    150
31.0468    119
31.0568    129
31.0668    133
31.0768    130
31.0868    132
31.0968    119
31.1068    122
31.1168    117
31.1268    130
31.1368    132
31.1468    137
31.1568    127
31.1668    133
31.1768    118
31.1868    113
31.1968    130
31.2068    147
31.2168    133
31.2268    129
31.2368    118
31.2468    132
31.2568    133
31.2668    137
31.2768    117
31.2868    115
31.2968    110
31.3068    156
31.3168    121
31.3268    110
31.3368    133
31.3468    114
31.3568    125
31.3668    139
31.3768    106
31.3868    114
31.3968    119
31.4068    126
31.4168    123
31.4268    119
31.4368    123
31.4468    123
31.4568    122
31.4668    112
31.4768    107
31.4868    119
31.4968    115
31.5069    96
31.5169    105
31.5269    126
31.5369    149
31.5469    122
31.5569    119
31.5669    118
31.5769    131
31.5869    113
31.5969    132
31.6069    113
31.6169    144
31.6269    139
31.6369    117
31.6469    135
31.6569    117
31.6669    120
31.6769    126
31.6869    119
31.6969    112
31.7069    130
31.7169    113
31.7269    112
31.7369    116
31.7469    110
31.7569    126
31.7669    113
31.7769    113
31.7869    103
31.7969    104
31.8069    99
31.8169    132
31.8269    125
31.8369    137
31.8469    97
31.8569    111
31.8669    101
31.8769    121
31.8869    120
31.8969    116
31.9069    117
31.9169    119
31.9269    114
31.9369    108
31.9469    119
31.9569    107
31.9669    104
31.9769    115
31.9869    99
31.9969    106
32.0069    113
32.0169    127
32.0269    124
32.0369    116
32.0469    110
32.0569    98
32.0669    131
32.0769    118
32.0869    115
32.0969    106
32.1069    97
32.1169    115
32.1269    125
32.1369    109
32.1469    107
32.1569    113
32.1669    116
32.1769    117
32.1869    120
32.1969    116
32.2069    109
32.2169    111
32.2269    101
32.2369    104
32.2469    124
32.2569    112
32.2669    107
32.2769    118
32.2869    113
32.2969    118
32.3069    119
32.3169    111
32.3269    92
32.3369    97
32.3469    109
32.3569    93
32.3669    109
32.3769    111
32.3869    100
32.3969    109
32.4069    101
32.4169    119
32.4269    123
32.4369    99
32.4469    103
32.4569    123
32.4669    112
32.4769    104
32.4869    111
32.4969    112
32.5070    109
32.5170    86
32.5270    97
32.5370    105
32.5470    110
32.5570    118
32.5670    112
32.5770    119
32.5870    103
32.5970    105
32.6070    101
32.6170    106
32.6270    97
32.6370    122
32.6470    113
32.6570    82
32.6670    96
32.6770    90
32.6870    104
32.6970    108
32.7070    106
32.7170    110
32.7270    105
32.7370    104
32.7470    119
32.7570    88
32.7670    105
32.7770    104
32.7870    97
32.7970    93
32.8070    89
32.8170    125
32.8270    84
32.8370    98
32.8470    87
32.8570    121
32.8670    96
32.8770    113
32.8870    106
32.8970    94
32.9070    116
32.9170    84
32.9270    107
32.9370    91
32.9470    106
32.9570    111
32.9670    100
32.9770    105
32.9870    104
32.9970    103
33.0070    97
33.0170    89
33.0270    100
33.0370    109
33.0470    110
33.0570    107
33.0670    111
33.0770    105
33.0870    88
33.0970    101
33.1070    90
33.1170    86
33.1270    94
33.1370    110
33.1470    88
33.1570    99
33.1670    97
33.1770    102
33.1870    107
33.1970    78
33.2070    125
33.2170    101
33.2270    108
33.2370    112
33.2470    95
33.2570    89
33.2670    98
33.2770    89
33.2870    81
33.2970    78
33.3070    103
33.3170    100
33.3270    103
33.3370    92
33.3470    110
33.3570    78
33.3670    93
33.3770    86
33.3870    86
33.3970    91
33.4070    102
33.4170    81
33.4270    108
33.4370    90
33.4470    99
33.4570    101
33.4670    102
33.4770    91
33.4870    89
33.4970    94
33.5071    91
33.5171    76
33.5271    98
33.5371    88
33.5471    90
33.5571    104
33.5671    101
33.5771    82
33.5871    99
33.5971    82
33.6071    86
33.6171    102
33.6271    98
33.6371    72
33.6471    67
33.6571    69
33.6671    100
33.6771    96
33.6871    106
33.6971    98
33.7071    86
33.7171    95
33.7271    79
33.7371    77
33.7471    101
33.7571    80
33.7671    79
33.7771    89
33.7871    78
33.7971    96
33.8071    79
33.8171    87
33.8271    100
33.8371    83
33.8471    75
33.8571    81
33.8671    76
33.8771    89
33.8871    77
33.8971    64
33.9071    71
33.9171    77
33.9271    69
33.9371    96
33.9471    59
33.9571    82
33.9671    72
33.9771    90
33.9871    77
33.9971    95
34.0071    80
34.0171    83
34.0271    92
34.0371    97
34.0471    70
34.0571    98
34.0671    76
34.0771    82
34.0871    89
34.0971    94
34.1071    79
34.1171    88
34.1271    71
34.1371    75
34.1471    81
34.1571    65
34.1671    64
34.1771    67
34.1871    92
34.1971    92
34.2071    71
34.2171    85
34.2271    88
34.2371    82
34.2471    85
34.2571    79
34.2671    67
34.2771    93
34.2871    77
34.2971    65
34.3071    77
34.3171    89
34.3271    86
34.3371    78
34.3471    84
34.3571    76
34.3671    85
34.3771    84
34.3871    78
34.3971    73
34.4071    74
34.4171    81
34.4271    81
34.4371    91
34.4471    61
34.4571    88
34.4671    74
34.4771    73
34.4871    72
34.4971    68
34.5072    72
34.5172    63
34.5272    78
34.5372    64
34.5472    78
34.5572    76
34.5672    80
34.5772    59
34.5872    82
34.5972    79
34.6072    80
34.6172    75
34.6272    69
34.6372    67
34.6472    71
34.6572    70
34.6672    75
34.6772    84
34.6872    84
34.6972    64
34.7072    59
34.7172    72
34.7272    80
34.7372    63
34.7472    69
34.7572    77
34.7672    85
34.7772    78
34.7872    79
34.7972    72
34.8072    72
34.8172    73
34.8272    71
34.8372    81
34.8472    77
34.8572    62
34.8672    68
34.8772    70
34.8872    78
34.8972    66
34.9072    69
34.9172    58
34.9272    72
34.9372    66
34.9472    72
34.9572    64
34.9672    75
34.9772    57
34.9872    70
34.9972    82
35.0072    60
35.0172    58
35.0272    57
35.0372    66
35.0472    66
35.0572    57
35.0672    71
35.0772    66
35.0872    84
35.0972    63
35.1072    55
35.1172    70
35.1272    64
35.1372    73
35.1472    63
35.1572    69
35.1672    57
35.1772    62
35.1872    86
35.1972    71
35.2072    84
35.2172    63
35.2272    56
35.2372    57
35.2472    49
35.2572    70
35.2672    71
35.2772    72
35.2872    82
35.2972    60
35.3072    68
35.3172    51
35.3272    57
35.3372    69
35.3472    68
35.3572    64
35.3672    53
35.3772    53
35.3872    81
35.3972    57
35.4072    63
35.4172    49
35.4272    65
35.4372    50
35.4472    55
35.4572    65
35.4672    63
35.4772    52
35.4872    46
35.4972    63
35.5073    62
35.5173    65
35.5273    60
35.5373    55
35.5473    76
35.5573    64
35.5673    54
35.5773    51
35.5873    57
35.5973    80
35.6073    67
35.6173    69
35.6273    61
35.6373    59
35.6473    59
35.6573    66
35.6673    47
35.6773    61
35.6873    64
35.6973    47
35.7073    49
35.7173    48
35.7273    71
35.7373    46
35.7473    59
35.7573    48
35.7673    61
35.7773    60
35.7873    60
35.7973    49
35.8073    56
35.8173    49
35.8273    54
35.8373    62
35.8473    61
35.8573    57
35.8673    51
35.8773    52
35.8873    74
35.8973    59
35.9073    50
35.9173    47
35.9273    54
35.9373    58
35.9473    47
35.9573    47
35.9673    48
35.9773    54
35.9873    56
35.9973    54
36.0073    62
36.0173    46
36.0273    54
36.0373    50
36.0473    59
36.0573    45
36.0673    39
36.0773    51
36.0873    47
36.0973    60
36.1073    48
36.1173    55
36.1273    49
36.1373    45
36.1473    46
36.1573    52
36.1673    50
36.1773    54
36.1873    48
36.1973    48
36.2073    66
36.2173    54
36.2273    63
36.2373    59
36.2473    35
36.2573    52
36.2673    51
36.2773    51
36.2873    54
36.2973    57
36.3073    53
36.3173    57
36.3273    60
36.3373    56
36.3473    59
36.3573    58
36.3673    49
36.3773    63
36.3873    48
36.3973    53
36.4073    48
36.4173    50
36.4273    49
36.4373    52
36.4473    58
36.4573    53
36.4673    46
36.4773    47
36.4873    54
36.4973    59
36.5074    39
36.5174    42
36.5274    55
36.5374    53
36.5474    46
36.5574    51
36.5674    49
36.5774    48
36.5874    43
36.5974    63
36.6074    45
36.6174    50
36.6274    41
36.6374    56
36.6474    42
36.6574    39
36.6674    45
36.6774    46
36.6874    50
36.6974    47
36.7074    47
36.7174    38
36.7274    44
36.7374    50
36.7474    44
36.7574    47
36.7674    37
36.7774    53
36.7874    39
36.7974    55
36.8074    45
36.8174    51
36.8274    54
36.8374    51
36.8474    49
36.8574    53
36.8674    49
36.8774    36
36.8874    47
36.8974    43
36.9074    54
36.9174    38
36.9274    52
36.9374    55
36.9474    35
36.9574    40
36.9674    32
36.9774    52
36.9874    44
36.9974    51
37.0074    57
37.0174    42
37.0274    40
37.0374    45
37.0474    42
37.0574    54
37.0674    47
37.0774    46
37.0874    51
37.0974    35
37.1074    37
37.1174    40
37.1274    55
37.1374    34
37.1474    41
37.1574    33
37.1674    38
37.1774    39
37.1874    53
37.1974    43
37.2074    41
37.2174    57
37.2274    43
37.2374    39
37.2474    43
37.2574    42
37.2674    47
37.2774    37
37.2874    43
37.2974    40
37.3074    33
37.3174    34
37.3274    39
37.3374    43
37.3474    39
37.3574    47
37.3674    47
37.3774    37
37.3874    40
37.3974    37
37.4074    41
37.4174    44
37.4274    41
37.4374    35
37.4474    54
37.4574    34
37.4674    33
37.4774    34
37.4874    52
37.4974    39
37.5075    49
37.5175    36
37.5275    39
37.5375    44
37.5475    38
37.5575    46
37.5675    30
37.5775    42
37.5875    33
37.5975    36
37.6075    33
37.6175    33
37.6275    46
37.6375    35
37.6475    38
37.6575    37
37.6675    40
37.6775    34
37.6875    49
37.6975    33
37.7075    35
37.7175    31
37.7275    33
37.7375    36
37.7475    35
37.7575    41
37.7675    33
37.7775    32
37.7875    34
37.7975    30
37.8075    29
37.8175    32
37.8275    37
37.8375    32
37.8475    30
37.8575    32
37.8675    35
37.8775    33
37.8875    37
37.8975    46
37.9075    43
37.9175    28
37.9275    44
37.9375    40
37.9475    48
37.9575    32
37.9675    45
37.9775    40
37.9875    34
37.9975    41
38.0075    31
38.0175    29
38.0275    45
38.0375    33
38.0475    39
38.0575    32
38.0675    33
38.0775    34
38.0875    46
38.0975    34
38.1075    28
38.1175    31
38.1275    30
38.1375    39
38.1475    27
38.1575    40
38.1675    36
38.1775    46
38.1875    30
38.1975    38
38.2075    25
38.2175    34
38.2275    29
38.2375    23
38.2475    34
38.2575    22
38.2675    32
38.2775    27
38.2875    28
38.2975    37
38.3075    29
38.3175    26
38.3275    35
38.3375    28
38.3475    36
38.3575    30
38.3675    29
38.3775    35
38.3875    26
38.3975    35
38.4075    42
38.4175    41
38.4275    38
38.4375    28
38.4475    43
38.4575    40
38.4675    34
38.4775    33
38.4875    35
38.4975    33
38.5076    19
38.5176    35
38.5276    21
38.5376    25
38.5476    21
38.5576    27
38.5676    24
38.5776    38
38.5876    31
38.5976    26
38.6076    36
38.6176    30
38.6276    22
38.6376    29
38.6476    25
38.6576    26
38.6676    26
38.6776    33
38.6876    28
38.6976    23
38.7076    22
38.7176    28
38.7276    26
38.7376    28
38.7476    34
38.7576    23
38.7676    34
38.7776    34
38.7876    33
38.7976    25
38.8076    30
38.8176    33
38.8276    28
38.8376    28
38.8476    28
38.8576    31
38.8676    34
38.8776    20
38.8876    28
38.8976    27
38.9076    36
38.9176    30
38.9276    28
38.9376    27
38.9476    18
38.9576    21
38.9676    19
38.9776    28
38.9876    32
38.9976    29
39.0076    29
39.0176    35
39.0276    40
39.0376    22
39.0476    33
39.0576    24
39.0676    24
39.0776    27
39.0876    37
39.0976    32
39.1076    29
39.1176    34
39.1276    21
39.1376    26
39.1476    12
39.1576    24
39.1676    27
39.1776    19
39.1876    28
39.1976    28
39.2076    18
39.2176    25
39.2276    21
39.2376    21
39.2476    27
39.2576    19
39.2676    24
39.2776    19
39.2876    17
39.2976    25
39.3076    26
39.3176    25
39.3276    19
39.3376    14
39.3476    31
39.3576    28
39.3676    25
39.3776    21
39.3876    21
39.3976    22
39.4076    23
39.4176    27
39.4276    21
39.4376    26
39.4476    21
39.4576    25
39.4676    20
39.4776    17
39.4876    27
39.4976    22
39.5077    28
39.5177    28
39.5277    26
39.5377    18
39.5477    23
39.5577    20
39.5677    18
39.5777    26
39.5877    26
39.5977    21
39.6077    28
39.6177    21
39.6277    17
39.6377    25
39.6477    20
39.6577    28
39.6677    20
39.6777    16
39.6877    15
39.6977    26
39.7077    26
39.7177    20
39.7277    22
39.7377    12
39.7477    19
39.7577    30
39.7677    15
39.7777    15
39.7877    31
39.7977    24
39.8077    24
39.8177    18
39.8277    22
39.8377    22
39.8477    17
39.8577    20
39.8677    16
39.8777    21
39.8877    19
39.8977    13
39.9077    19
39.9177    16
39.9277    20
39.9377    25
39.9477    23
39.9577    23
39.9677    24
39.9777    18
39.9877    18
39.9977    23
